-1550066910625447.0 0
-1769888752043270.0 1
-1981001480172543.5 0
-2183623961733246.0 0
-2377971029297915.0 1
-2564253529255923.0 0
-2742678369750131.5 1
-2913448568571469.5 0
-3076763301002479.0 0
-3232817947590305.0 1
-3381804141842298.5 0
-3523909817829848.5 1
-3659319257687404.5 0
-3788213138999670.5 1
-3910768582060101.0 1
-4027159196996307.0 0
-4137555130746738.0 1
-4242123113882108.5 1
-4341026507261831.0 0
-4434425348514595.0 1
-4522476398335916.0 1
-4605333186594763.0 0
-4683146058239213.0 1
-4756062218994362.0 0
-4824225780845691.0 1
-4887777807297878.0 1
-4946856358403870.0 0
-5001596535554834.0 1
-5052130526024312.0 0
-5098587647258902.0 1
-5141094390906271.0 0
-5179774466575078.0 0
-5214748845316878.0 1
-5246135802824089.0 0
-5274050962336023.0 1
-5298607337244748.0 0
-5319915373395163.0 0
-5338082991069676.0 1
-5353215626652008.0 0
-5365416273962319.0 0
-5374785525255091.0 1
-5381421611875628.0 0
-5385420444565746.0 1
-5386875653412227.0 1
-5385878627433213.0 0
-5382518553793318.0 1
-5376882456643307.0 1
-5369055235578120.0 0
-5359119703706803.0 1
-5347156625330571.0 0
-5333244753224169.0 1
-5317460865515036.0 1
-5299879802158937.0 0
-5280574501005671.0 1
-5259616033453702.0 0
-5237073639689994.0 0
-5213014763511477.0 1
-5187505086727194.0 0
-5160608563138180.0 1
-5132387452092237.0 1
-5102902351614219.0 0
-5072212231107283.0 1
-5040374463626056.0 0
-5007444857719583.0 1
-4973477688843260.0 1
-4938525730339847.0 0
-4902640283988843.0 1
-4865871210124881.0 0
-4828266957325940.0 0
-4789874591671139.0 1
-4750739825570785.0 0
-4710907046168993.0 1
-4670419343320750.0 0
-4629318537146995.0 0
-4587645205167121.0 1
-4545438709015488.0 0
-4502737220741616.0 1
-4459577748698247.5 0
-4415996163021965.5 0
-4372027220706080.0 1
-4327704590273603.5 0
-4283060876051130.0 0
-4238127642047059.0 1
-4192935435440688.0 0
-4147513809682936.5 1
-4101891347212863.5 1
-4056095681797445.5 0
-4010153520492280.0 1
-3964090665232774.5 1
-3917932034057063.5 0
-3871701681964600.0 1
-3825422821415423.0 0
-3779117842473374.5 1
-3732808332596582.5 0
-3686515096081485.0 0
-3640258173158908.5 1
-3594056858752703.0 1
-3547929720899188.0 0
-3501894618832460.0 1
-3455968720740322.0 0
-3410168521194005.0 1
-3364509858253550.5 0
-3319007930255945.5 0
-3273677312286256.0 1
-3228531972338683.0 0
-3183585287169793.0 1
-3138850057847263.0 0
-3094338525001328.5 1
-3050062383777650.0 1
-3006032798501170.0 0
-2962260417049783.5 1
-2918755384944760.5 0
-2875527359160910.0 1
-2832585521657716.0 0
-2789938592638996.5 0
-2747594843540955.5 1
-2705562109753996.5 0
-2663847803081077.0 1
-2622458923934373.5 0
-2581402073276557.5 1
-2540683464304778.5 0
-2500308933886167.0 1
-2460283953741338.0 1
-2420613641386954.0 0
-2381302770831638.0 1
-2342355783035309.0 0
-2303776796133516.5 0
-2265569615425551.0 1
-2227737743138286.5 0
-2190284387960629.2 1
-2153212474355593.8 0
-2116524651655995.0 1
-2080223302941262.5 0
-2044310553705997.8 0
-2008788280316691.2 1
-1973658118267271.8 0
-1938921470232318.0 1
-1904579513922965.2 0
-1870633209752016.2 0
-1837083308307070.5 1
-1803930357641241.0 0
-1771174710381541.8 1
-1738816530659040.5 1
-1706855800868292.5 0
-1675292328255547.8 0
-1644125751341532.0 1
-1613355546184355.0 0
-1582981032482955.2 1
-1553001379525640.5 0
-1523415611989722.8 1
-1494222615591307.5 0
-1465421142592709.2 1
-1437009817166916.8 0
-1408987140625019.2 1
-1381351496507396.0 0
-1354101155544243.2 1
-1327234280483867.5 0
-1300748930797803.2 1
-1274643067256806.0 1
-1248914556391512.0 0
-1223561174827735.2 1
-1198580613508573.0 0
-1173970481801381.2 1
-1149728311491751.2 0
-1125851560669179.2 1
-1102337617502418.9 1
-1079183803912990.5 0
-1056387379142566.5 1
-1033945543220192.6 0
-1011855440331929.5 1
-990114162091528.4 0
-968718750718875.5 0
-947666202123484.4 1
-926953468899543.1 0
-906577463232154.2 0
-886535059714031.2 1
-866823098082212.8 0
-847438385868489.6 1
-828377700968352.1 1
-809637794133921.0 0
-791215391385402.0 1
-773107196348726.6 1
-755309892518888.0 0
-737820145449660.2 1
-720634604872937.9 1
-703749906749275.8 0
-687162675249459.4 1
-670869524670313.8 0
-654867061286809.9 0
-639151885138802.4 1
-623720591757830.8 0
-608569773832789.6 1
-593696022816495.0 1
-579095930475138.0 0
-564766090381030.0 1
-550703099350796.44 0
-536903558830288.1 1
-523364076226496.75 1
-510081266189738.8 0
-497051751845158.56 1
-484272165976374.8 0
-471739152162290.5 1
-459449365866672.3 0
-447399475484757.1 0
-435586163344242.9 1
-424006126664883.6 0
-412656078476367.25 0
-401532748495145.06 1
-390632883962597.8 0
-379953250444574.44 1
-369490632593120.1 1
-359241834873285.6 0
-349203682253175.5 1
-339373020860728.1 0
-329746718607281.56 0
-320321665778154.44 1
-311094775592904.6 0
-302062984734724.6 1
-293223253850051.8 1
-284572568020821.56 0
-276107937207787.97 1
-267826396667796.28 0
-259725007345062.03 0
-251800856236806.3 1
-244051056735163.56 0
-236472748945124.1 1
-229063099979628.47 0
-221819304232959.62 1
-214738583632214.06 1
-207818187868625.1 0
-201055394608598.9 1
-194447509685285.38 0
-187991867272325.8 0
-181685830037844.06 1
-175526789282890.94 0
-169512165061834.97 1
-163639406286284.97 1
-157905990814231.28 0
-152309425522731.4 1
-146847246366589.75 0
-141517018422905.2 1
-136316335920832.48 1
-131242822259375.81 0
-126294130011320.42 1
-121467940914996.16 1
-116761965854315.23 0
-112173944826791.84 1
-107701646900422.97 0
-103342870160122.22 1
-99095441643027.75 0
-94957217264666.44 1
-90926081734011.83 0
-86999948460862.34 1
-83176759452655.14 0
-79454485203734.1 0
-75831124575552.48 1
-72304704669289.5 0
-68873280690687.78 1
-65534935807221.914 0
-62287780998908.2 1
-59129954901481.22 0
-56059623644363.1 1
-53074980680607.05 1
-50174246613304.14 0
-47355669014166.92 1
-44617522237884.46 0
-41958107232215.71 1
-39375751340918.625 1
-36868808104541.125 1
-34435657055314.83 0
-32074703508530.227 1
-29784378349720.332 0
-27563137818622.72 1
-25409463288721.7 0
-23321861044990.812 1
-21298862056947.5 1
-19339021750032.723 0
-17440919773674.059 1
-15603159766854.71 0
-13824369121916.117 1
-12103198745060.729 1
-10438322816746.594 0
-8828438548055.494 1
-7272265936805.561 0
-5768547522439.588 1
-4316048137704.6074 1
-2913554661558.8047 0
-1559875769151.5452 1
-253841681516.9501 0
1005696084789.6382 0
2219864970490.86 1
3389771625150.5635 0
4516502159819.074 0
5601122400694.1 1
6644678141662.286 0
7648195397783.767 1
8612680658710.29 0
9539121141153.63 0
10428485042699.848 1
11281721793460.848 0
12099762308254.512 1
12883519238807.164 0
13633887223667.725 1
14351743139161.516 1
15037946348330.107 0
15693338949642.1 0
16318746024645.492 1
16914975884060.008 0
17482820313236.475 1
18023054816952.973 1
18536438861321.996 0
19023716116029.72 1
19485614694697.375 0
19922847392589.47 1
20336111925120.31 1
20726091162415.23 0
21093453363665.484 1
21438852410070.523 0
21762928034043.098 0
22066306049337.195 1
22349598577366.703 0
22613404272195.7 1
22858308544532.074 1
23084883781982.523 0
23293689569227.21 1
23485272905023.934 1
23660168417355.95 0
23818898577062.83 0
23961973908817.918 0
24089893200229.734 1
24203143708892.844 0
24302201367138.668 0
24387530984934.34 1
24459586450246.566 0
24518810927377.95 0
24565637053278.715 1
24600487131273.36 0
24623773322779.715 1
24635897837011.188 0
24637253117606.26 0
24628222028067.36 1
24609178034050.387 0
24580485383698.465 1
24542499285964.656 0
24495566085673.656 0
24440023437581.52 1
24376200477037.496 0
24304417988666.273 1
24224988573248.03 0
24138216811068.008 0
24044399424359.76 1
23943825436312.734 0
23836776328119.152 1
23723526194125.363 1
23604341893896.46 0
23479483202505.16 1
23349202958614.41 0
23213747209484.402 0
23073355354756.8 1
22928260287202.992 0
22778688531432.43 1
22624860380484.387 0
22466990029918.566 0
22305285709880.8 1
22139949814836.473 0
21971179030915.062 0
21799164461714.965 1
21624091750926.582 0
21446141203546.867 1
21265487904769.973 1
21082301836313.906 0
20896747991333.94 1
20708986486792.59 0
20519172673251.9 1
20327457244181.95 1
20133986341080.3 0
19938901658327.69 1
19742340545610.75 0
19544436107107.33 0
19345317300996.48 1
19145109035040.523 0
18943932261144.168 1
18741904068338.55 0
18539137772732.99 1
18335743007221.953 1
18131825808010.605 0
17927488700160.656 1
17722830781425.586 0
17517947803390.547 0
17312932252675.635 1
17107873428866.361 0
16902857521333.389 0
16697967685281.605 1
16493284115065.426 1
16288884116083.014 0
16084842176480.03 1
15881230035873.277 0
15678116753165.533 0
15475568773323.71 0
15273649992174.236 1
15072421820256.201 0
14871943245047.531 1
14672270892605.945 1
14473459086606.191 0
14275559907357.69 1
14078623249510.078 1
13882696877318.695 1
13687826480409.695 0
13494055727547.076 0
13301426319265.238 1
13109978039612.916 0
12919748806331.57 1
12730774721432.432 0
12543090118307.479 0
12356727610777.076 1
12171718138574.254 1
11988091012826.895 0
11805873961936.422 1
11625093174364.88 1
11445773340848.684 0
11267937697413.717 1
11091608066191.928 0
10916804894956.969 1
10743547297433.053 0
10571853090645.838 0
10401738833544.953 1
10233219863347.607 0
10066310331750.53 1
9901023240384.402 0
9737370474866.748 0
9575362839554.023 0
9415010089604.51 1
9256320963782.533 0
9099303215803.363 1
8943963646192.021 0
8790308131094.882 1
8638341653153.46 0
8488068329754.179 0
8339491441564.452 1
8192613460146.984 1
8047436074904.697 0
7903960219669.356 1
7762186098617.724 0
7622113210894.893 1
7483740376190.249 1
7347065758001.401 0
7212086887516.235 1
7078800686732.042 0
6947203489939.454 1
6817291067159.917 1
6689058643951.574 0
6562500922973.683 0
6437612104218.875 1
6314385904688.739 0
6192815577585.254 1
6072893931612.607 1
5954613348605.868 0
5837965801946.955 0
5722942873858.368 0
5609535772262.007 1
5497735347397.187 0
5387532107875.6875 0
5278916236566.473 1
5171877605602.576 0
5066405791303.465 1
4962490089062.981 1
4860119526755.758 0
4759282878955.891 1
4659968680328.563 0
4562165238083.121 1
4465860645293.95 1
4371042792564.3613 0
4277699380367.546 1
4185817930706.574 1
4095385797600.262 0
4006390179219.595 1
3918818127813.267 0
3832656559889.6865 1
3747892266782.629 0
3664511923951.6216 1
3582502100647.0586 0
3501849268958.9424 1
3422539812801.0757 0
3344560036242.51 1
3267896172319.0127 0
3192534390584.297 1
3118460805449.661 0
3045661483083.621 0
2974122449518.0522 1
2903829697186.348 1
2834769191913.069 0
2766926879599.514 1
2700288692630.5073 0
2634840555929.5415 1
2570568393180.356 0
2507458132197.892 0
2445495710910.428 1
2384667082509.5566 0
2324958220525.5728 1
2266355124120.762 1
2208843822479.9434 0
2152410379748.5422 1
2097040899461.408 0
2042721528429.5356 1
1989438461394.8342 1
1937177944540.0369 0
1885926279412.812 1
1835669826671.0603 1
1786395009220.3198 0
1738088315868.1277 1
1690736304416.1045 0
1644325604412.4287 1
1598842920618.3035 1
1554275035143.955 0
1510608810451.6592 1
1467831191938.2722 0
1425929209936.7217 1
1384889982367.8813 1
1344700716671.2136 0
1305348711863.511 1
1266821360698.0352 0
1229106150985.2974 0
1192190667844.655 1
1156062595052.843 0
1120709716454.4792 1
1086119917783.5093 1
1052281187511.5028 0
1019181618430.6788 1
986809408791.4843 0
955152863104.4889 0
924200393533.3047 1
893940520534.1963 0
864361873708.0063 1
835453192865.947 1
807203328288.7429 0
779601241695.5459 1
752636006752.984 0
726296809468.6338 1
700572948810.1249 1
675453836882.0187 0
650928999448.5361 1
626988076252.1411 1
603620820921.9221 0
580817101515.6505 1
558566900539.349 0
536860314709.16406 1
515687555763.28485 1
495038949534.59064 0
474904936365.65894 1
455276071393.7179 0
436143023497.0822 1
417496576044.5626 1
399327626092.2929 0
381627184404.37067 1
364386375326.661 0
347596435975.0635 0
331248716636.4951 1
315334679804.79144 0
299845899968.6794 1
284774063483.9284 1
270110967621.7455 0
255848520512.44376 1
241978740684.37506 0
228493756102.08255 1
215385804356.59668 0
202647231107.76636 0
190270490704.48178 1
178248144767.61203 1
166572861634.44937 0
155237416095.42267 1
144234688613.81464 0
133557664482.19017 1
123199433372.21883 0
113153188425.55379 1
103412225828.41264 0
93969943845.48665 0
84819842262.78807 1
75955521559.02759 0
67370681960.09778 0
59059123159.22252 1
51014743228.31442 0
43231537515.06439 0
35703598562.269844 1
28425114799.89129 0
21390369558.311115 1
14593741224.252329 1
8029701015.799642 0
1692813069.9503148 1
-4422266166.892417 0
-10320790241.084463 1
-16007921316.178864 0
-21488733636.26356 0
-26768211754.837837 1
-31851253476.87757 0
-36742669914.750244 1
-41447186071.65066 1
-45969442499.23765 0
-50313995475.16091 1
-54485318144.17445 0
-58487801896.53986 0
-62325756321.42836 1
-66003410963.03535 0
-69524915933.12436 1
-72894342492.71971 0
-76115684664.66853 0
-79192859430.7935 1
-82129707959.35867 0
-84929997002.57167 0
-87597418662.84697 1
-90135592390.5567 0
-92548065491.99745 1
-94838313841.30402 0
-97009743285.04283 0
-99065690052.21938 1
-101009422017.434 0
-102844139567.92178 1
-104572976123.21419 0
-106198999928.1632 0
-107725213883.0703 1
-109154557130.66614 1
-110489906041.68974 0
-111734074647.82076 1
-112889815784.72229 1
-113959822092.9561 0
-114946726757.53555 1
-115853104382.885 0
-116681472012.97507 1
-117434289856.40701 0
-118113962392.22342 0
-118722838915.22926 1
-119263214695.61412 0
-119737331837.67238 0
-120147379779.42398 1
-120495496503.94305 0
-120783769438.20686 1
-121014235891.28375 0
-121188884387.68526 0
-121309655047.71411 1
-121378440690.647 0
-121397087640.59926 1
-121367396361.92667 0
-121291122458.02884 1
-121169977330.4269 1
-121005629078.99391 0
-120799703231.22305 1
-120553783451.42398 1
-120269412459.74243 0
-119948092684.90126 1
-119591287006.5651 1
-119200419701.23422 0
-118776876878.57478 1
-118322007375.09532 0
-117837123591.0846 1
-117323501841.73103 1
-116782383610.35045 1
-116214975784.65364 1
-115622451526.99173 0
-115005951022.52332 1
-114366581815.2539 1
-113705420112.90181 0
-113023510979.54901 1
-112321868803.04123 0
-111601478676.10753 1
-110863296073.17615 1
-110108248453.87097 0
-109337235203.182 1
-108551128278.31061 1
-107750773317.198 0
-106936989722.75372 1
-106110571313.80713 0
-105272287324.81078 1
-104422882316.32939 0
-103563077407.35278 0
-102693570216.47545 1
-101815035821.98875 0
-100928127329.93631 1
-100033475861.18697 1
-99131691863.58307 0
-98223365061.22505 0
-97309065014.95593 1
-96389341811.11076 0
-95464726509.59683 1
-94535731454.37099 1
-93602851017.37944 1
-92666561861.0233 1
-91727323493.21066 0
-90785578612.05232 1
-89841753572.25543 0
-88896259208.26529 1
-87949490342.20026 1
-87001827420.62074 0
-86053636088.16895 0
-85105267654.11116 1
-84157059739.81003 0
-83209336812.15042 1
-82262409790.94106 0
-81316577905.31122 1
-80372127195.11948 1
-79429332558.38942 0
-78488457107.78648 1
-77549752484.14912 1
-76613460138.08676 0
-75679810741.6567 1
-74749024804.13261 0
-73821313286.87807 1
-72896877117.33968 1
-71975908594.17633 0
-71058591431.5433 1
-70145099461.55518 0
-69235599864.9567 1
-68330250471.03596 0
-67429202489.82071 1
-66532598795.60476 0
-65640575795.85755 0
-64753262418.57476 1
-63870781270.13114 0
-62993248566.70004 1
-62120774003.30663 0
-61253461786.58307 1
-60391409922.29471 0
-59534711277.70833 1
-58683453197.87512 0
-57837718332.90255 1
-56997583768.2897 0
-56163122664.40178 1
-55334403100.15994 0
-54511489335.023674 1
-53694441007.343185 0
-52883314396.16155 1
-52078161193.54819 0
-51279030469.547165 0
-50485966928.82454 1
-49699012413.099785 0
-48918205814.44701 0
-48143582434.55325 0
-47375174993.023285 1
-46613013321.82203 1
-45857124947.94797 1
-45107534789.43304 0
-44364265188.76605 0
-43627336239.83814 1
-42896765945.50992 1
-42172570510.900894 0
-41454763888.502754 1
-40743357957.21836 0
-40038363570.42888 0
-39339789154.19163 0
-38647641907.67137 1
-37961927413.90697 1
-37282649983.01478 0
-36609812498.928825 0
-35943416473.776695 1
-35283462282.98927 0
-34629949421.241455 0
-33982875526.319862 1
-33342237716.011818 0
-32708032599.108192 1
-32080254877.611343 0
-31458899425.23697 0
-30843959431.296898 1
-30235427605.047977 0
-29633296217.59009 1
-29037556409.3946 1
-28448198938.541943 0
-27865213961.744503 0
-27288590779.22846 1
-26718318353.546722 0
-26154385259.393867 1
-25596779220.492836 0
-25045487868.622704 1
-24500498002.856236 1
-23961796351.075462 0
-23429369182.83325 1
-22903202076.628365 0
-22383280671.66103 0
-21869590000.13497 1
-21362114797.171154 0
-20860839618.397346 1
-20365748477.276714 1
-19876825331.2376 0
-19394053747.66514 1
-18917416925.813908 0
-18446898006.69905 1
-17982479663.021782 1
-17524144461.183987 0
-17071874707.445745 1
-16625652288.278109 0
-16185459120.961946 0
-15751276656.482138 1
-15323086208.764854 0
-14900868902.303867 1
-14484605498.220161 1
-14074276644.79743 1
-13669862700.534267 0
-13271343810.752254 0
-12878699851.797482 1
-12491910496.871565 0
-12110955202.526709 1
-11735813109.85768 1
-11366463225.421774 0
-11002884301.91598 0
-10645054657.63861 1
-10292952552.760578 0
-9946556070.429588 1
-9605842740.728659 1
-9270790187.508698 0
-8941375561.113295 1
-8617575657.012167 0
-8299367308.358015 1
-7986726795.480005 1
-7679630298.325758 0
-7378053631.86249 1
-7081972290.4467945 1
-6791361667.171447 0
-6506196692.19648 1
-6226451942.07062 0
-5952102057.048041 1
-5683120896.404364 1
-5419482337.754824 0
-5161159929.376633 1
-4908126656.536503 0
-4660355640.823337 1
-4417819090.485125 1
-4180489606.768181 0
-3948338901.2560844 1
-3721338281.2049723 0
-3499459406.87125 0
-3282672903.827263 1
-3070949339.259896 0
-2864259045.246578 0
-2662571792.0027328 1
-2465857023.09429 0
-2274084220.6084976 1
-2087221721.2758858 0
-1905238200.5359173 1
-1728101612.5385523 1
-1555779710.073751 0
-1388240018.4207673 1
-1225449004.108962 0
-1067373738.581751 0
-913980006.7552438 1
-765233669.4631581 0
-621100180.7796292 1
-481544373.2116537 0
-346531014.75303674 1
-216024044.79184508 0
-89987406.86355722 0
31615780.757651567 1
148822616.63678527 1
261670603.93206894 1
370197720.331818 0
474442402.1804079 1
574443602.7991941 0
670240588.0077984 1
761873356.8507354 0
849381934.5338576 1
932807421.5746038 1
1012190806.169471 0
1087573861.7815363 1
1158999143.950284 0
1226509021.3253827 0
1290147078.9254167 1
1349957036.621872 0
1405983073.847944 1
1458270519.5309162 1
1506864441.2459834 0
1551810938.588524 1
1593156875.760929 0
1630948905.3691974 0
1665235268.4235427 1
1696064191.5362072 0
1723484534.308621 1
1747546160.8989666 0
1768299103.7601426 1
1785794400.5369322 0
1800083357.1099896 0
1811218457.772939 0
1819252517.5275133 1
1824239192.4802227 0
1826232603.3226056 0
1825287862.8756807 1
1821460751.6777446 0
1814807615.593129 1
1805385809.4179323 0
1793253177.4571118 1
1778468572.045659 0
1761091477.984916 0
1741182270.8633497 1
1718802066.22939 1
1694012765.5822244 1
1666877184.1446834 0
1637458940.3805208 0
1605822541.2164721 1
1572033309.9274201 0
1536157365.6408596 0
1498261838.4146676 1
1458414667.8399982 0
1416684593.1188784 1
1373141585.563816 1
1327856178.4645042 0
1280899952.2644382 1
1232345432.9878817 1
1182265948.8551993 0
1130735895.0221539 0
1077830575.3763528 0
1023626185.3215971 1
968199879.4782958 0
911629670.2255759 0
853994616.0080838 1
795374658.3278642 0
735850508.3390336 1
675504162.9602308 1
614418200.417038 0
552676201.1237259 1
490362648.8108101 0
427562837.80204487 1
364363128.34161997 1
300850452.86945295 0
237112704.13954258 1
173238728.0733862 0
109317784.23746252 0
45440280.83086586 1
-18302837.933808327 0
-81820098.17625427 0
-145018944.54383087 1
-207806504.3825159 0
-270089299.01270103 1
-331773173.2423887 0
-392763648.25361013 1
-452965640.00131035 0
-512283797.26722765 0
-570622341.5146475 1
-627885246.6932693 0
-683976393.1468792 1
-738799349.7799158 1
-792257745.6424365 0
-844255206.0964489 1
-894695344.7299342 0
-943482272.1881857 0
-990520056.0953007 1
-1035713278.2419434 0
-1078967029.2189474 1
-1120186931.6799345 1
-1159279434.4198198 0
-1196151771.4598427 1
-1230712050.3336353 0
-1262869681.7727098 1
-1292535106.9935713 1
-1319620299.7925997 0
-1344038764.6589136 1
-1365705522.1192932 1
-1384537799.5334682 0
-1400454667.5622368 1
-1413377404.5351343 0
-1423229893.9487076 1
-1429938513.330947 1
-1433432553.7119617 0
-1433644337.9456034 1
-1430509394.1314154 0
-1423967175.3910284 1
-1413960306.2580442 0
-1400435906.9455423 1
-1383345222.7605972 0
-1362644213.9403543 0
-1338293494.1895132 1
-1310258995.20444 1
-1278512127.4747095 0
-1243030167.658619 1
-1203796168.8351068 1
-1160800258.940339 0
-1114039044.703205 1
-1063516059.4000216 1
-1009243133.7549314 0
-951239668.3188038 1
-889533344.6659164 1
-824161043.7542429 0
-755168842.8018637 0
-682612292.038763 0
-606557328.6999702 1
-527080452.6328621 0
-444269864.8984928 1
-358224761.7539854 0
-269057004.41036224 1
-176891074.9676094 1
-81865027.93627167 0
15869125.23762703 1
116145220.21987629 1
218781391.97522926 0
323580133.6540003 1
430327616.72943306 1
538792470.9287777 0
648725575.4923353 1
759859488.2860298 0
871906819.2842216 1
984560574.9305124 0
1097492523.875228 1
1210352886.5791874 1
1322769039.2641983 0
1434345066.6814632 0
1544660757.1597052 0
