4.148353022275385e+16 0
4.182907109291425e+16 0
4.2144310328999736e+16 1
4.243018437823579e+16 0
4.268760924797358e+16 1
4.2917480830848504e+16 0
4.31206752271804e+16 1
4.329804906459094e+16 0
4.345043981480139e+16 0
4.357866610758672e+16 1
4.368352804185145e+16 0
4.376580749380336e+16 1
4.38262684222007e+16 0
4.386565717064143e+16 0
4.3884702766881064e+16 1
4.3884117219151816e+16 0
4.38645958094684e+16 0
4.382681738390581e+16 1
4.377144463983194e+16 0
4.369912441008388e+16 1
4.361048794407627e+16 0
4.350615118582471e+16 1
4.338671504887632e+16 0
4.325276568813103e+16 1
4.3104874768545096e+16 0
4.2943599730701304e+16 1
4.27694840532406e+16 0
4.2583057512142504e+16 1
4.238483643684933e+16 1
4.217532396322635e+16 0
4.195501028335467e+16 1
4.172437289215195e+16 0
4.148387683081805e+16 0
4.123397492710723e+16 1
4.097510803242144e+16 0
4.070770525572958e+16 1
4.043218419431432e+16 0
4.014895116134874e+16 1
3.985840141031523e+16 0
3.95609193562701e+16 1
3.9256878793970536e+16 0
3.89466431128712e+16 0
3.8630565509010136e+16 1
3.8308989193796104e+16 0
3.798224759971865e+16 0
3.765066458300036e+16 1
3.731455462321037e+16 0
3.69742230198607e+16 1
3.662996608600794e+16 0
3.628207133888099e+16 1
3.5930817687560684e+16 0
3.557647561773266e+16 1
3.5219307373541388e+16 0
3.4859567136569944e+16 1
3.4497501201973304e+16 0
3.413334815179135e+16 0
3.3767339025469696e+16 1
3.339969748761426e+16 0
3.303063999300623e+16 0
3.2660375948902464e+16 1
3.2289107874644864e+16 0
3.1917031558602548e+16 1
3.154433621246989e+16 0
3.11712046229414e+16 0
3.0797813300787464e+16 1
3.04243326273512e+16 0
3.0050926998489776e+16 1
2.9677754965983276e+16 1
2.930496937643103e+16 0
2.8932717507660384e+16 1
2.8561141202668932e+16 1
2.819037700112393e+16 0
2.782055626844436e+16 1
2.7451805322489908e+16 1
2.708424555788448e+16 0
2.671799356800249e+16 1
2.63531612646474e+16 0
2.5989855995452904e+16 1
2.5628180659039316e+16 1
2.526823381795638e+16 0
2.4910109809446024e+16 1
2.455389885405933e+16 0
2.4199687162161916e+16 1
2.3847557038364972e+16 1
2.3497586983915224e+16 1
2.314985179708231e+16 0
2.280442267157708e+16 1
2.2461367293035732e+16 1
2.212074993360221e+16 0
2.1782631544641492e+16 0
2.1447069847613916e+16 1
2.1114119423139188e+16 0
2.0783831798278708e+16 1
2.04562555320619e+16 0
2.0131436299281444e+16 0
1.980941697258367e+16 1
1.9490237702876944e+16 1
1.9173935998083384e+16 0
1.8860546800257556e+16 1
1.855010256109537e+16 0
1.8242633315856868e+16 1
1.793816675572679e+16 1
1.7636728298635316e+16 0
1.7338341158563412e+16 0
1.7043026413354572e+16 1
1.6750803071056342e+16 0
1.6461688134813948e+16 1
1.617569666633825e+16 1
1.5892841847969106e+16 1
1.5613135043356358e+16 0
1.5336585856779008e+16 1
1.506320219112394e+16 0
1.4792990304544106e+16 1
1.4525954865819332e+16 0
1.4262099008439862e+16 0
1.4001424383435894e+16 0
1.3743931210974206e+16 1
1.3489618330744982e+16 0
1.3238483251160776e+16 0
1.2990522197390642e+16 1
1.2745730158250146e+16 0
1.2504100931969944e+16 1
1.2265627170863504e+16 0
1.2030300424913962e+16 0
1.1798111184301822e+16 1
1.1569048920890882e+16 0
1.134310212869409e+16 1
1.1120258363338248e+16 0
1.0900504280544892e+16 1
1.0683825673648188e+16 1
1.0470207510166546e+16 0
1.0259633967447122e+16 1
1.005208846740003e+16 1
9847553710339654.0 0
9646011707950802.0 1
9447443815396080.0 0
9251830762579146.0 1
9059152684583674.0 0
8869389151298498.0 1
8682519196248923.0 0
8498521344645456.0 1
8317373640666870.0 0
8139053673990268.0 1
7963538605583496.0 0
7790805192771610.0 1
7620829813593668.0 0
7453588490458664.0 1
7289056913119765.0 1
7127210460972593.0 0
6968024224696242.0 1
6811473027246009.0 0
6657531444209939.0 0
6506173823543667.0 1
6357374304692935.0 0
6211106837115932.0 1
6067345198223026.0 0
5926063010733908.0 0
5787233759481785.0 1
5650830807660937.0 0
5516827412539126.0 1
5385196740647661.0 1
5255911882451044.0 0
5128945866520567.0 1
5004271673216438.0 1
4881862247888209.0 0
4761690513612109.0 1
4643729383469896.0 0
4527951772383900.0 1
4414330608520747.0 1
4302838844272038.0 0
4193449466826723.5 1
4086135508344022.5 0
3980870055737523.5 1
3877626260085176.5 1
3776377345668302.5 0
3677096618657942.0 0
3579757475453210.0 1
3484333410683850.5 0
3390798024886730.5 1
3299125031866371.0 1
3209288265746586.0 0
3121261687726319.0 1
3035019392544908.0 0
2950535614666635.0 1
2867784734194901.5 1
2786741282520264.0 0
2707379947714729.5 1
2629675579677095.0 1
2553603195037511.0 0
2479137981829857.5 1
2406255303936677.0 0
2334930705314333.5 1
2265139914005358.5 0
2196858845942888.2 1
2130063608554273.5 0
2064730504168575.5 0
2000836033234630.2 1
1938356897354098.2 0
1877270002134510.0 0
1817552459870074.2 1
1759181592049944.2 0
1702134931704016.2 1
1646390225589134.2 1
1591925436217851.2 0
1538718743738890.5 1
1486748547670068.8 0
1435993468488884.0 1
1386432349086658.2 0
1338044256087486.8 1
1290808481039258.8 1
1244704541477227.5 0
1199712181866801.0 0
1155811374427496.8 1
1112982319842059.8 0
1071205447854225.1 1
1030461417758548.2 0
990731118785166.0 1
951995670383346.9 0
914236422405678.6 1
877434955197365.8 0
841573079592068.1 0
806632836818237.6 1
772596498317901.0 0
739446565480609.4 1
707165769296072.9 0
675737069926275.6 1
645143656201498.4 1
615368945040675.2 0
586396580800157.1 1
558210434552365.2 0
530794603295749.4 1
504133409100811.44 0
478211398191000.0 0
453013339963661.5 0
428524225951206.25 1
404729268725328.3 0
381613900746185.6 0
359163773158723.4 1
337364754537292.3 1
316202929581568.5 0
295664597764905.8 0
275736271937247.78 1
256404676884349.16 0
237656747845048.2 1
219479628988688.47 1
201860671853628.1 0
184787433749358.2 1
168247676123609.25 1
152229362895165.94 0
136720658755671.1 1
121709927440428.36 0
107185729970417.61 1
93136822866984.9 0
79552156340255.81 1
66420872453441.375 1
53732303263408.88 0
41475968939863.62 1
29641575863957.16 1
18219014707508.27 0
7198358494643.278 1
-3430139353314.046 1
-13676046988385.154 0
-23548756120509.758 1
-33057484015091.61 0
-42211275502572.43 1
-51019004998233.07 1
-59489378531925.305 0
-67630935785931.75 1
-75452052140235.45 0
-82960940724121.53 1
-90165654472835.6 0
-97074088188680.16 0
-103693980604783.3 1
-110032916451785.27 0
-116098328525265.44 1
-121897499753533.56 0
-127437565265017.58 1
-132725514453771.9 0
-137768193043185.58 1
-142572305145389.84 0
-147144415317897.22 1
-151490950614108.0 0
-155618202628976.53 1
-159532329537437.84 0
-163239358126948.84 1
-166745185819713.88 1
-170055582689409.97 0
-173176193465712.72 1
-176112539530452.75 0
-178870020903390.1 1
-181453918214723.84 0
-183869394668570.84 1
-186121497991326.28 0
-188215162369041.66 0
-190155210369589.4 1
-191946354851836.75 0
-193593200859686.38 0
-195100247500950.6 1
-196471889810736.72 0
-197712420598930.1 1
-198826032280553.34 0
-199816818690058.5 1
-200688776877040.8 0
-201445808886321.8 1
-202091723516724.28 0
-202630238065424.53 1
-203064980050032.9 1
-203399488913999.44 0
-203637217711769.25 1
-203781534774272.78 0
-203835725355778.38 0
-203802993259211.12 1
-203686462442776.75 1
-203489178605389.25 1
-203214110751654.03 0
-202864152736397.53 1
-202442124787777.88 0
-201950775010934.0 1
-201392780867414.4 0
-200770750637300.62 0
-200087224856254.5 1
-199344677733483.5 0
-198545518547408.88 1
-197692093018904.9 1
-196786684664237.62 0
-195831516125316.16 1
-194828750478220.7 0
-193780492520940.34 0
-192688790037878.12 1
-191555635044155.25 0
-190382965007657.1 1
-189172664049062.94 1
-187926564121912.94 0
-186646446169792.72 1
-185334041263080.75 0
-183991031715597.7 1
-182619052178423.7 0
-181219690715043.34 1
-179794489854685.66 1
-178344947626365.34 0
-176872518572376.28 1
-175378614741932.9 0
-173864606666381.5 1
-172331824312971.56 0
-170781558022243.47 0
-169215059424616.22 1
-167633542339754.06 0
-166038183657358.9 1
-164430124199527.62 1
-162810469567004.25 0
-161180290966191.56 1
-159540626020471.38 0
-157892479564386.8 1
-156236824420798.16 0
-154574602162797.6 1
-152906723858430.5 1
-151234070800849.62 1
-149557495222196.0 0
-147877820992840.88 0
-146195844305473.66 1
-144512334344789.25 0
-142828033942721.5 1
-141143660219573.56 0
-139459905211680.66 1
-137777436484783.27 1
-136096897735573.12 0
-134418909379025.25 1
-132744069123177.47 1
-131072952532519.22 1
-129406113578125.92 0
-127744085176311.61 1
-126087379715719.45 1
-124436489573148.81 1
-122791887617943.44 1
-121154027705768.64 0
-119523345161724.69 1
-117900257253043.6 1
-116285163651831.08 0
-114678446887705.05 1
-113080472790848.73 1
-111491590925867.25 0
-109912135016161.84 1
-108342423359323.39 1
-106782759234251.75 0
-105233431299197.64 0
-103694713981503.77 1
-102166867859789.66 0
-100650140037843.47 1
-99144764510371.48 0
-97650962522307.39 1
-96168942919542.69 0
-94698902493588.55 1
-93241026318320.98 0
-91795488080528.66 1
-90362450403315.25 0
-88942065163418.6 1
-87534473801552.44 0
-86139807626891.03 0
-84758188115091.27 1
-83389727200393.25 0
-82034527561900.83 1
-80692682903389.3 0
-79364278228157.38 1
-78049390107543.08 0
-76748086944154.45 0
-75460429229334.73 1
-74186469795353.72 0
-72926254062198.11 1
-71679820278536.73 1
-70447199758517.61 0
-69228417112028.4 1
-68023490470638.2 0
-66832431708513.15 0
-65655246657519.88 1
-64491935318315.94 0
-63342492066099.56 0
-62206905851028.26 1
-61085160394813.39 1
-59977234381858.48 1
-58883101645976.33 0
-57802731352435.91 1
-56736088175346.28 1
-55683132471240.664 0
-54643820447100.53 1
-53618104324873.91 0
-52605932501814.94 1
-51607249705762.16 1
-50621997147427.98 0
-49650112667662.59 1
-48691530880919.586 1
-47746183315804.54 0
-46813998550088.56 0
-45894902343112.3 1
-44988817764437.53 0
-44095665318481.94 1
-43215363065533.5 0
-42347826739886.51 1
-41492969863912.52 0
-40650703859594.164 1
-39820938155600.625 0
-39003580292877.79 1
-38198536025230.65 0
-37405709418659.01 1
-36625002946474.56 0
-35856317582477.6 1
-35099552890323.03 0
-34354607111175.203 1
-33621377247986.41 0
-32899759147604.66 0
-32189647579878.02 1
-31490936314808.863 0
-30803518197425.56 1
-30127285219184.246 0
-29462128588797.633 1
-28807938799513.61 1
-28164605695019.91 0
-27532018532913.65 1
-26910066046121.91 0
-26298636503036.043 1
-25697617764603.73 1
-25106897340820.11 1
-24526362444531.676 0
-23955900043890.32 0
-23395396913012.53 1
-22844739680967.496 0
-22303814880229.402 1
-21772508990629.42 0
-21250708486198.16 0
-20738299876357.594 1
-20235169748537.68 1
-19741204808172.406 0
-19256291917742.86 1
-18780318133849.25 0
-18313170744719.984 1
-17854737304062.008 0
-17404905666599.766 1
-16963564018652.47 1
-16530600912627.783 0
-16105905295304.773 1
-15689366538139.967 0
-15280874466350.365 1
-14880319384972.676 0
-14487592106795.09 1
-14102583976250.215 1
-13725186895176.041 0
-13355293345773.402 1
-12992796412630.078 0
-12637589806089.166 0
-12289567880906.71 1
-11948625657768.016 0
-11614658842244.664 1
-11287563842108.852 1
-10967237786095.04 0
-10653578539676.39 1
-10346484721264.05 0
-10045855717803.809 0
-9751591698427.453 1
-9463593628757.912 0
-9181763284008.82 0
-8906003260680.816 1
-8636216988827.415 1
-8372308742811.044 0
-8114183651647.617 1
-7861747708392.738 0
-7614907780098.327 1
-7373571615323.303 1
-7137647852686.773 1
-6907046027857.126 1
-6681676580454.171 0
-6461450860138.258 1
-6246281132154.091 0
-6036080583313.781 1
-5830763324950.427 0
-5630244398911.369 0
-5434439779712.223 1
-5243266378434.587 0
-5056642045559.198 0
-4874485572210.144 1
-4696716693039.799 0
-4523256087537.24 1
-4354025379596.9966 1
-4188947140025.962 0
-4027944884697.216 0
-3870943075623.5054 1
-3717867120133.0713 1
-3568643370093.3154 0
-3423199119306.519 1
-3281462602788.578 0
-3143362995696.537 0
-3008830408715.5537 1
-2877795887356.758 0
-2750191408399.31 0
-2625949876347.7803 1
-2505005120428.82 1
-2387291890643.9634 1
-2272745853662.272 0
-2161303588680.345 1
-2052902582850.0232 1
-1947481226613.872 0
-1844978808719.3662 1
-1745335510998.5354 1
-1648492403137.6484 0
-1554391436982.3608 0
-1462975440795.5693 1
-1374188113416.0413 0
-1287974018241.7295 1
-1204278576616.5005 0
-1123048061977.8208 0
-1044229592676.7908 0
-967771125677.7502 1
-893621449599.5382 0
-821730177967.3398 1
-752047741523.9172 1
-684525381921.8696 1
-619115143706.4286 0
-555769867193.1512 1
-494443180571.7365 0
-435089493665.0598 0
-377663988342.39355 1
-322122612001.6598 0
-268422069825.43585 1
-216519816053.30893 0
-166374046963.04742 1
-117943692305.92628 0
-71188407643.41216 1
-26068565648.282764 0
17454751087.873596 0
59419759076.95771 1
99863981584.75916 0
138824257009.87866 1
176336747183.71548 0
212436945248.1812 1
247159684635.9198 0
280539146390.9304 1
312608868473.6073 1
343401753004.32495 0
372950075166.81165 1
401285491428.6616 0
428439047136.451 0
454441186057.0334 1
479321757166.70953 0
503110023301.0862 1
525834670216.5579 1
547523813220.45905 0
568205006338.0494 1
587905250161.6075 0
606650999397.0193 1
624468171742.364 1
641382155052.1116 0
657417815615.6519 1
672599506067.9825 0
686951072926.4874 1
700495864802.8541 0
713256739377.2926 1
725256072347.3107 0
736515763542.3723 1
747057245696.8329 0
756901491126.6094 0
766069019678.1117 1
774579906044.0226 1
782453786517.5746 0
789709867242.0282 1
796366930844.109 0
802443343087.2162 1
807957061420.2661 1
812925640111.0858 0
817366238356.3148 1
821295627117.8186 0
824730194926.6757 0
827685956400.8683 1
830178557162.8638 0
832223280911.3365 0
833835056678.3368 1
835028464211.2665 0
835817740567.092 1
836216787413.3031 1
836239175460.199 0
835898151885.1572 1
835206646632.5948 0
834177276625.3761 0
832822353706.4675 1
831153889189.6855 1
829183599971.4203 1
826922914197.2603 0
824382976731.4889 1
821574655360.47 0
818508544203.9766 1
815194972738.5712 1
811644006845.1917 0
807865456702.1343 1
803868881450.6727 0
799663593217.5894 1
795258664295.9159 0
790662928936.2008 1
785884991220.6405 0
780933227277.4323 1
775815792446.738 0
770540623221.6776 1
765115443973.8027 0
759547769873.5406 1
753844912944.1315 0
748013984003.6196 0
742061899374.4835 1
735995383581.515 0
729820973235.5883 1
723545022688.9786 0
717173705787.9055 1
710713021882.9785 1
704168798004.2255 0
697546693399.3829 0
690852203365.1262 1
684090662391.9181 0
677267247930.1602 1
670386983987.3131 0
663454744199.6382 1
656475256071.2089 0
649453102909.8536 1
642392728394.6997 0
635298438880.9989 0
628174407114.9298 1
621024674986.0896 0
613853156267.4111 1
606663640217.2526 1
599459793989.398 0
592245165575.7095 1
585023186904.1688 0
577797175749.0419 1
570570339695.9044 0
563345776981.28 1
556126481098.6445 1
548915341637.5522 0
541715147560.63403 1
534528589581.22205 0
527358262060.35565 1
520206666324.9295 0
513076211311.74146 1
505969217608.19446 1
498887918158.40466 0
491834461195.46356 1
484810912290.6013 0
477819255894.9968 1
470861397858.98663 0
463939166864.431 1
457054317129.0014 0
450208529212.1592 1
443403412901.6013 1
436640508129.95105 0
429921287207.4746 1
423247156713.6066 1
416619458236.0651 0
410039471152.3383 1
403508413679.31934 1
397027444233.85767 1
390597663303.97705 0
384220114798.49664 1
377895787867.785 0
371625617470.36816 1
365410486863.107 0
359251227936.6471 0
353148623411.8355 1
347103407711.7943 0
341116268040.3328 1
335187846387.3728 0
329318739719.0544 1
323509502265.17395 1
317760645734.58734 0
312072641072.1948 1
306445919519.1079 1
300880873191.58966 0
295377856876.35504 1
289937188829.8029 0
284559151355.741 1
279243992539.15173 0
273991926593.53247 1
268803135371.3306 0
263677768829.98047 0
258615946347.0425 0
253617757409.9294 1
248683262461.68954 1
243812493853.29895 1
239005456754.8978 0
234262129903.3899 0
229582466441.8105 1
224966394712.8523 0
220413818911.9195 0
215924620249.06207 1
211498657210.12772 1
207135766518.45148 0
202835763793.38873 1
198598444593.98468 0
194423584468.05984 1
190310940234.9844 0
186260250123.41055 0
182271234953.22803 1
178343598340.0005 1
174477027445.1338 0
170671193716.01706 1
166925753391.3664 0
163240347885.9892 1
159614604779.18204 1
156048137894.97067 0
152540548211.39838 1
149091424371.067 1
145700342879.13153 0
142366868959.94885 1
139090556987.5793 0
135870950752.33784 1
132707584261.5885 1
129599981924.97064 0
126547659201.2386 1
123550123128.89296 0
120606872210.78064 1
117717397725.83908 0
114881183245.15642 0
112097705737.51529 1
109366435679.58524 0
106686837140.92561 0
104058368935.95773 1
101480484241.06071 0
98952631222.94206 1
96474253614.43146 0
94044790684.84431 1
91663677999.0578 0
89330347180.43793 0
87044226823.75179 1
84804742448.19656 0
82611316813.67499 1
80463370468.4462 0
78360321712.27872 1
76301587199.23006 0
74286581872.17671 1
72314719627.21883 0
70385413130.0828 1
68498074454.643555 0
66652115121.68659 1
64846946418.028435 0
63081979577.11242 0
61356626103.195114 1
59670297871.23654 1
58022407334.60331 0
56412367927.68878 1
54839594119.550385 0
53303501538.66136 1
51803507490.87162 0
50339030461.67055 0
48909491215.842834 1
47514312421.607475 1
46152918612.32981 0
44824736903.895935 1
43529196943.83881 1
42265730788.30555 0
41033773377.955246 1
39832762683.87709 0
38662139523.618675 0
37521348231.41536 1
36409836312.71229 0
35327054419.07246 0
34272457272.565628 1
33245503152.73387 0
32245653920.23 1
31272375684.224445 0
30325138015.675148 1
29403415456.55331 1
28506686053.11702 1
27634432298.324234 0
26786141021.47627 0
25961303933.18244 1
25159417001.735775 0
24379980700.98907 1
23622500455.819675 0
22886486006.26983 0
22171452763.44776 1
21476920347.272755 0
20802413290.145817 1
20147462048.62609 0
19511600876.19151 0
18894370085.16026 1
18295314873.8484 0
17713985428.03815 1
17149937784.830544 0
16602732729.9555 1
16071936811.611431 0
15557121510.905579 1
15057864289.965397 0
14573747103.79044 0
14104358707.913578 0
13649292627.939877 1
13208148034.030802 0
12780528698.400526 0
12366046092.890282 1
11964315639.685791 1
11574958621.241823 0
11197602278.47686 0
10831879380.299805 1
10477428398.529789 0
10133893176.269262 1
9800923872.78968 1
9478175663.988209 1
9165309772.472868 0
8861993003.332508 0
8567898046.647005 1
8282703197.792156 0
8006092069.59287 0
7737754890.377298 1
7477386850.983443 0
7224688779.768598 1
6979368150.670792 0
6741136861.3702545 0
6509713507.597521 1
6284822121.633375 0
6066192000.044361 1
5853558875.696094 1
5646663460.08517 0
5445252500.028929 0
5249078438.750866 1
5057899258.397979 0
4871478509.024797 0
4689585676.07719 1
4511995615.407342 0
4338488715.849653 1
4168851380.3856354 0
4002875187.924093 1
3840357665.7210536 0
3681101392.4621286 0
3524915097.028156 1
3371612864.9631243 0
3221014063.6614733 1
3072943940.2899375 0
2927232745.457128 0
2783717025.641992 1
2642238154.390155 0
2502643019.2848725 1
2364784287.697081 0
2228519824.3167806 0
2093713020.4656587 1
1960232653.1884875 0
1827952792.118411 1
1696753056.1088738 0
1566518306.622446 1
1437138812.8642554 0
1308510110.6450849 1
1180533230.9565225 0
1053114131.2378426 1
926164498.3114853 0
799600878.9610915 1
673345501.1229668 0
547325378.6587086 0
421473001.6734834 1
295726001.34109783 0
170027102.19350052 1
44324329.8288331 0
-81429371.0112791 0
-207275764.04797363 1
-333251558.81132126 1
-459388507.7863922 0
-585713232.4229031 1
-712247344.0760021 0
-839007522.949606 1
-966005401.1177168 1
-1093247775.7033377 0
-1220736549.2987213 1
-1348468569.7150478 0
-1476436079.1539621 1
-1604626318.8978357 1
-1733021966.6201658 0
-1861600799.4221287 1
-1990335901.7060938 1
-2119195834.0018072 0
-2248144434.8656654 0
-2377140969.97826 1
-2506140246.5701456 0
-2635092695.3106327 0
-2763944049.7992725 0
-2892635912.804494 1
-3021105510.3986416 0
-3149285885.143675 1
-3277105795.486967 0
-3404490029.531783 1
-3531359168.3524075 0
-3657629961.0293064 1
-3783215201.5852146 0
-3908023991.008648 1
-4031961554.5568705 0
-4154929631.5357304 1
-4276826321.7591257 0
-4397546444.89611 1
-4516981344.918798 0
-4635019334.86967 0
-4751545433.172296 1
-4866441842.715221 0
-4979587906.944554 0
-5090860217.206682 1
-5200132847.5884075 0
-5307277483.507726 0
-5412163463.314455 1
-5514658080.16603 0
-5614626867.449608 1
-5711933233.027685 0
-5806439478.59073 1
-5898006165.4064045 1
-5986492918.761164 1
-6071758387.396482 0
-6153660427.248669 1
-6232056397.808136 0
-6306803522.421177 0
-6377758864.8646965 1
-6444779851.5318775 0
-6507724487.574516 0
-6566451441.35573 1
-6620820596.575119 0
-6670693421.436798 0
-6715932719.239162 0
-6756403705.77376 1
-6791973909.9289055 1
-6822513696.902067 0
-6847896608.433533 1
-6867999503.482397 0
-6882703569.774614 0
-6891894041.661652 1
-6895461028.737244 1
-6893300045.668777 1
-6885312206.709061 0
-6871404856.363823 1
-6851491931.699921 0
-6825494989.788883 0
-6793342853.790524 1
-6754972864.191322 0
-6710331610.722715 0
-6659374524.494919 1
-6602067572.892643 0
-6538387775.789787 1
-6468322786.650921 1
-6391873046.098328 0
-6309051612.534544 1
-6219884826.421583 0
-6124413924.829618 1
-6022694458.879631 0
-5914798577.716347 0
-5800814685.660177 1
-5680848926.199053 0
-5555026396.493828 1
-5423490332.083937 1
-5286405484.493315 0
-5143957459.450113 1
-4996354042.447624 0
-4843826788.387825 1
-4686631083.063234 0
-4525048307.247337 1
-4359386088.178734 0
-4189980138.239641 1
-4017194900.6450024 0
-3841425693.974312 0
-3663098498.3940887 1
-3482672509.434881 0
-3300641245.2029266 1
-3117533498.9230614 0
-2933915489.726179 0
-2750391412.6110096 1
-2567605658.5268097 0
-2386244213.5408 0
