-6155968395557504.0 1
-6302888841823942.0 1
-6441927963956026.0 0
-6573307736647248.0 1
-6697245497372265.0 0
-6813954015995481.0 1
-6923641563970615.0 1
-7026511983117486.0 0
-7122764753959083.0 1
-7212595063605292.0 1
-7296193873170178.0 0
-7373747984708408.0 1
-7445440107659885.0 0
-7511448924790331.0 1
-7571949157615778.0 1
-7627111631302177.0 0
-7677103339027753.0 1
-7722087505799804.0 0
-7762223651716320.0 1
-7797667654661769.0 1
-7828571812430812.0 0
-7855084904269426.0 1
-7877352251826702.0 0
-7895515779510287.0 0
-7909714074236387.0 1
-7920082444569924.0 0
-7926752979246946.0 1
-7929854605073407.0 1
-7929513144196700.0 0
-7925851370742645.0 1
-7918989066815198.0 0
-7909043077854418.0 0
-7896127367347247.0 1
-7880353070890265.0 0
-7861828549599302.0 1
-7840659442863969.0 1
-7816948720445916.0 0
-7790796733917093.0 1
-7762301267438734.0 0
-7731557587879525.0 1
-7698658494271974.0 1
-7663694366609182.0 0
-7626753213980246.0 1
-7587920722047200.0 0
-7547280299864645.0 0
-7504913126042999.0 1
-7460898194259425.0 0
-7415312358118090.0 1
-7368230375363114.0 1
-7319724951449075.0 0
-7269866782470640.0 1
-7218724597457053.0 0
-7166365200034792.0 1
-7112853509461179.0 1
-7058252601035058.0 0
-7002623745885881.0 1
-6946026450146939.0 0
-6888518493516934.0 0
-6830155967211630.0 1
-6770993311312418.0 0
-6711083351513482.0 1
-6650477335271978.0 1
-6589224967366262.0 0
-6527374444863476.0 1
-6464972491503221.0 0
-6402064391500770.0 1
-6338694022771396.0 0
-6274903889583909.0 0
-6210735154643785.0 1
-6146227670612489.0 0
-6081420011065689.0 1
-6016349500893434.0 0
-5951052246148874.0 1
-5885563163346185.0 1
-5819916008214143.0 1
-5754143403907336.0 0
-5688276868679973.0 1
-5622346843025756.0 1
-5556382716288546.0 0
-5490412852746544.0 1
-5424464617175843.0 0
-5358564399897581.0 1
-5292737641312159.0 1
-5227008855927585.0 0
-5161401655884753.0 1
-5095938773986196.0 0
-5030642086235003.0 1
-4965532633887762.0 0
-4900630645031188.0 0
-4835955555685468.0 1
-4771526030444274.0 0
-4707359982656252.0 1
-4643474594155800.0 1
-4579886334551280.0 0
-4516610980075772.0 1
-4453663632010791.0 0
-4391058734689390.5 0
-4328810093084649.5 1
-4266930889995215.5 0
-4205433702833636.5 1
-4144330520024043.0 1
-4083632757023414.0 0
-4023351271965880.5 1
-3963496380945566.5 1
-3904077872941922.5 0
-3845105024395647.0 1
-3786586613442939.5 0
-3728530933816977.0 1
-3670945808420263.0 1
-3613838602579648.0 0
-3557216236986029.5 1
-3501085200329356.0 0
-3445451561634410.0 1
-3390320982303141.5 0
-3335698727873340.5 1
-3281589679497210.5 0
-3227998345150074.5 0
-3174928870572765.0 0
-3122385049957740.5 1
-3070370336382738.0 0
-3018887852000605.5 1
-2967940397990046.0 0
-2917530464276881.5 1
-2867660239027779.5 0
-2818331617926807.0 1
-2769546213237531.5 1
-2721305362659094.5 0
-2673610137979802.5 0
-2626461353534363.5 1
-2579859574471243.5 1
-2533805124832826.5 0
-2488298095455087.5 1
-2443338351690139.5 0
-2398925540958450.5 1
-2355059100130987.0 0
-2311738262750000.0 1
-2268962066087891.0 0
-2226729358052207.8 0
-2185038803935953.8 0
-2143888893020141.8 1
-2103277945029625.2 0
-2063204116446759.0 1
-2023665406683826.8 1
-1984659664119951.5 0
-1946184592002494.8 0
-1908237754215857.2 1
-1870816580922085.8 0
-1833918374072483.5 1
-1797540312793818.0 0
-1761679458651925.2 1
-1726332760792363.5 0
-1691497060963636.2 1
-1657169098420069.2 0
-1623345514711002.5 0
-1590022858353774.5 1
-1557197589395754.2 0
-1524866083864466.2 1
-1493024638107540.5 1
-1461669473026747.5 0
-1430796738203817.0 1
-1400402515922117.2 1
-1370482825084973.0 0
-1341033625031860.8 1
-1312050819254149.0 0
-1283530259012344.0 1
-1255467746854775.2 1
-1227859040041628.8 0
-1200699853873164.5 1
-1173985864925257.2 0
-1147712714193555.5 0
-1121876010146519.0 1
-1096471331690717.6 0
-1071494231048377.0 1
-1046940236548740.6 0
-1022804855336625.8 0
-999083575996042.9 1
-975771871094527.4 0
-952865199646648.0 1
-930359009498833.5 1
-908248739638463.8 0
-886529822426354.1 1
-865197685755772.5 1
-844247755139143.6 0
-823675455723061.5 1
-803476214233840.0 0
-783645460855258.4 1
-764178631038342.4 0
-745071167247221.6 0
-726318520639413.5 1
-707916152684874.0 0
-689859536723721.2 1
-672144159463551.2 1
-654765522420277.4 0
-637719143300667.4 1
-621000557330381.5 0
-604605318528588.1 0
-588529000928490.8 1
-572767199748232.9 0
-557315532510609.4 1
-542169640114112.6 0
-527325187856897.0 0
-512777866413214.1 1
-498523392765530.1 0
-484557511091917.9 1
-470875993610029.06 0
-457474641380169.56 0
-444349285065855.2 1
-431495785655750.2 0
-418910035146619.94 1
-406587957187335.75 1
-394525507687907.94 0
-382718675391181.3 1
-371163482410347.3 0
-359855984733540.7 1
-348792272693683.3 1
-337968471408755.44 0
-327380741189694.4 1
-317025277918726.2 0
-306898313399457.0 0
-296996115677352.6 1
-287314989334148.1 0
-277851275755938.78 1
-268601353374029.34 0
-259561637883595.94 0
-250728582436004.9 1
-242098677809692.6 0
-233668452558105.34 0
-225434473135800.28 1
-217393344004290.38 0
-209541707717459.78 1
-201876244987460.28 0
-194393674732555.78 0
-187090754105596.38 1
-179964278506719.8 0
-173011081578487.1 1
-166228035184330.94 1
-159612049372733.9 0
-153160072325354.8 1
-146869090291122.75 1
-140736127506804.95 0
-134758246103415.97 1
-128932546000415.47 0
-123256164788000.48 1
-117726277596002.38 1
-112340096953688.27 0
-107094872636764.4 1
-101987891504964.38 0
-97016477330306.02 1
-92177990613872.38 1
-87469828396210.53 0
-82889424057213.5 1
-78434247108223.17 0
-74101802977280.2 0
-69889632785382.805 1
-65795313117063.03 0
-61816455783886.31 1
-57950707580851.914 0
-54195750038401.24 0
-50549299167134.61 1
-47009105198288.836 1
-43572952318793.266 0
-40238658401508.305 1
-37004074731252.26 0
-33867085726687.703 1
-30825608657909.324 1
-27877593361283.008 0
-25021021949839.67 1
-22253908521268.85 0
-19574298863132.402 1
-16980270154450.059 1
-14469930666356.502 0
-12041419459116.814 1
-9692906077910.355 1
-7422590246695.544 0
-5228701560280.738 1
-3109499175091.947 0
-1063271498829.89 1
911664121462.8147 0
2816961711316.325 0
4654246982606.662 1
6425117646838.245 0
8131143729476.248 1
9773867884678.297 1
11354805709234.062 0
12875446057700.896 1
14337251356637.012 0
15741657918266.004 1
17090076255006.96 1
18383891391797.586 0
19624463179038.008 1
20813126604485.133 0
21951192103621.65 0
23039945869951.27 1
24080650163639.81 0
25074543619098.293 1
26022841551570.15 1
26926736261723.812 0
27787397339576.367 1
28605971966506.164 0
29383585215304.6 0
30121340349644.617 1
30820319120584.332 0
31481582061925.38 1
32106168784197.15 1
32695098265298.184 0
33249369140866.72 1
33769959991523.98 0
34257829628449.84 1
34713917377064.39 1
35139143358010.11 0
35534408766792.88 1
35900596150687.13 0
36238569683273.305 0
36549175437543.13 1
36833241655794.734 0
37091579017764.664 1
37324980906744.23 0
37534223672510.86 0
37720066892902.414 1
37883253632443.22 1
38024510698668.0 0
38144548896702.055 1
38244063280843.78 0
38323733403922.86 1
38384223564858.59 0
38426183052864.04 0
38450246390808.1 0
38457033574592.195 0
38447150311408.68 1
38421188255229.445 0
38379725239753.7 0
38323325510060.305 1
38252539950494.664 1
38167906311067.97 0
38069949431768.32 1
37959181464621.22 0
37836102092356.36 1
37701198746484.35 0
37554946821322.45 1
37397809887848.6 1
37230239903117.586 0
37052677419073.78 1
36865551788617.82 1
36669281368643.2 0
36464273722072.945 0
36250925817189.97 1
36029624224113.39 0
35800745309734.07 1
35564655430418.98 0
35321711121641.1 1
35072259287068.895 0
34816637382717.45 0
34555173601766.68 1
34288187055080.625 0
34015987950188.113 1
33738877768453.152 1
33457149439025.89 0
33171087511290.492 1
32880968324957.625 0
32587060177200.742 1
32289623489198.074 0
31988910968172.754 0
31685167769367.94 1
31378631654421.137 0
31069533147610.957 0
30758095691143.418 1
30444535796421.82 0
30129063194392.18 1
29811880983554.707 1
29493185775142.074 0
29173167837073.69 1
28852011235244.32 0
28529893972354.195 0
28206988125537.195 1
27883459981132.18 0
27559470167514.53 1
27235173786571.188 0
26910720541249.816 1
26586254863715.05 1
26261916038976.633 0
25937838327921.62 1
25614151088158.07 0
25290978892035.887 1
24968441643930.125 0
24646654694368.504 1
24325728953092.336 0
24005770999379.242 1
23686883191268.836 0
23369163772118.883 1
23052706975775.566 1
22737603129099.6 0
22423938753956.09 1
22111796666052.94 0
21801256072257.793 1
21492392666725.23 1
21185278724206.19 0
20879983192285.44 1
20576571781859.85 1
20275107054878.227 0
19975648511642.445 1
19678252675831.12 0
19382973176691.773 1
19089860832122.37 0
18798963726866.113 0
18510327291857.125 1
18223994380028.336 1
17940005341230.16 1
17658398095522.816 0
17379208204875.38 0
17102468943090.861 1
16828211364396.068 1
16556464369924.469 0
16287254773827.336 1
16020607366848.885 0
15756544978643.25 1
15495088539599.332 0
15236257138920.871 1
14980068084438.398 1
14726536958267.898 0
14475677672954.16 1
14227502525464.953 1
13982022249379.32 0
13739246067288.29 1
13499181740745.377 0
13261835618762.16 0
13027212686490.031 1
12795316611145.137 0
12566149787614.533 1
12339713383126.889 0
12116007379643.332 0
11895030616651.527 1
11676780831798.37 0
11461254700667.98 1
11248447876258.734 1
11038355026078.947 0
10830969869784.645 1
10626285214862.453 0
10424292991381.336 1
10224984286787.18 1
10028349378475.648 0
9834377766525.977 1
9643058205405.66 0
9454378734077.229 0
9268326706634.496 1
9084888820986.66 0
8904051147212.729 1
8725799155556.844 1
8550117742831.312 0
8376991258886.377 1
8206403532092.182 0
8038337893787.859 1
7872777202781.387 1
7709703868419.615 0
7549099873572.802 1
7390946796782.814 0
7235225833519.119 0
7081917817495.571 1
6931003240652.952 0
6782462272842.27 1
6636274781402.058 0
6492420349094.985 0
6350878292744.111 1
6211627680483.975 0
6074647348564.658 1
5939915918345.813 1
5807411811724.428 0
5677113266919.794 1
5548998353801.888 0
5423044987721.099 0
5299230944459.155 1
5177533873464.865 0
5057931311051.997 1
4940400693932.319 1
4824919370786.438 0
4711464614962.657 1
4600013636251.696 0
4490543591478.706 1
4383031596484.626 0
4277454735955.6597 1
4173790074084.397 0
4072014664275.946 0
3972105559146.266 0
3874039819373.7056 1
3777794522931.632 0
3683346773589.912 1
3590673709701.884 1
3499752511592.339 1
3410560409997.894 0
3323074693366.909 1
3237272715161.8696 0
3153131900637.9575 0
3070629754027.3135 0
2989743864694.36 1
2910451913587.4165 1
2832731678958.704 0
2756561042605.6904 1
2681917995300.5513 1
2608780641711.3237 0
2537127206219.105 1
2466936037563.41 0
2398185613247.593 1
2330854544675.0137 0
2264921580873.4653 0
2200365613284.169 1
2137165679170.4734 0
2075300965524.252 1
2014750813143.865 1
1955494719321.463 0
1897512341628.3486 1
1840783500926.0776 0
1785288183977.8972 1
1731006546778.0833 1
1677918916609.679 0
1626005794847.075 1
1575247859372.7979 0
1525625966105.8252 0
1477121151997.7102 1
1429714636163.7622 0
1383387821825.5183 1
1338122298240.7441 1
1293899841652.2292 0
1250702417119.6775 1
1208512179668.0115 0
1167311475085.4092 1
1127082841515.3787 1
1087809009760.152 0
1049472904396.638 1
1012057644589.1273 0
975546544166.887 0
939923112615.7086 1
905171055219.4203 0
871274273218.3041 1
838216864437.3129 1
805983122848.9137 0
774557539030.3225 1
743924800017.8513 0
714069788708.03 1
684977584438.1184 1
656633461999.5844 0
629022891557.0872 1
602131538496.4623 0
575945262082.1537 1
550450115956.4888 1
525632346612.14575 0
501478393097.1077 1
477974886527.33954 1
455108648491.36053 0
432866691032.8248 0
411236215315.159 0
390204610695.2448 1
369759453731.0776 1
349888507048.2755 0
330579718372.26685 1
311821219495.94226 1
293601324708.51605 0
275908529877.2946 1
258731511150.011 0
242059123526.346 1
225880399703.2298 1
210184548522.4823 0
194960953644.31595 1
180199172398.187 0
165888933699.45175 1
152020137376.25375 1
138582851809.041 0
125567313015.08687 1
112963923145.36386 0
100763248186.09195 1
88956017385.25656 1
77533120660.36412 0
66485607542.67643 1
55804685863.13814 0
45481718752.18603 0
35508224612.60484 1
25875874406.56989 0
16576490017.993671 1
7602043217.270093 1
-1055347101.5134804 0
-9403415750.848663 1
-17449753188.53814 1
-25201807777.88497 0
-32666886929.358833 0
-39852159014.78065 1
-46764655203.08859 1
-53411271386.76951 0
-59798769566.06075 1
-65933779617.04835 1
-71822801694.80804 0
-77472207299.75595 0
-82888241003.39604 1
-88077022751.67242 0
-93044549468.15445 1
-97796696211.304 0
-102339219023.09518 0
-106677755296.27707 1
-110817826518.58954 0
-114764840141.26205 0
-118524090259.14586 0
-122100760173.8505 1
-125499923870.27505 0
-128726547690.94456 1
-131785491946.5807 0
-134681512908.35406 1
-137419263768.28261 1
-140003297197.25696 0
-142438066486.19095 1
-144727926707.816 0
-146877137682.65912 1
-148889863983.76712 0
-150770177715.766 1
-152522059437.86874 0
-154149400276.4719 0
-155656002705.01013 1
-157045582599.76987 0
-158321771042.391 0
-159488114911.8117 1
-160548078972.43607 0
-161505047808.327 1
-162362325751.2511 1
-163123140093.421 0
-163790641738.79965 1
-164367905594.85056 1
-164857933844.63315 0
-165263656287.16248 1
-165587931163.9713 0
-165833548075.82623 1
-166003227343.56342 0
-166099622988.02383 1
-166125323027.07764 1
-166082851216.73734 0
-165974668181.36935 1
-165803172027.0264 0
-165570701072.9345 0
-165279533212.18246 1
-164931888398.67108 0
-164529929580.39136 0
-164075763144.10696 1
-163571440954.5265 0
-163018961081.0617 1
-162420268590.27466 0
-161777257353.12415 1
-161091770393.1266 1
-160365601392.54843 0
-159600495482.74396 1
-158798150154.7525 0
-157960217211.26886 1
-157088301974.09833 1
-156183966111.2066 0
-155248727521.47275 0
-154284061298.24707 1
-153291401085.80994 0
-152272139974.82297 1
-151227630934.8615 0
-150159188242.1171 1
-149068087519.35968 1
-147955567993.25122 0
-146822832174.10483 1
-145671046120.18777 1
-144501342802.67343 0
-143314819994.35187 1
-142112542408.2153 0
-140895543067.0406 1
-139664822424.1005 1
-138421350624.14178 0
-137166067484.77417 1
-135899883043.41818 0
-134623679066.96246 0
-133338308776.28278 1
-132044598184.77939 0
-130743346695.09319 1
-129435327165.16629 0
-128121287383.81738 0
-126801950073.0076 1
-125478013766.97702 0
-124150153470.43567 1
-122819020836.99637 1
-121485245405.0394 0
-120149434578.20018 1
-118812174357.67383 0
-117474030164.53236 1
-116135546813.25204 1
-114797249624.64783 0
-113459644546.41147 1
-112123218765.44858 0
-110788441244.20909 0
-109455763096.20181 1
-108125618131.87671 0
-106798423458.04999 1
-105474579506.03732 1
-104154471017.65086 0
-102838467097.20781 1
-101526921625.69125 0
-100220174086.19865 1
-98918549433.80775 0
-97622358881.9866 1
-96331900095.67087 1
-95047457681.12794 0
-93769303529.72327 0
-92497697105.70062 1
-91232885915.08594 0
-89975105874.82234 1
-88724581446.24194 0
-87481526260.97787 1
-86246143251.41846 1
-85018625042.80424 0
-83799154251.06691 1
-82587903732.50839 1
-81385037092.42082 0
-80190708731.74872 1
-79005064125.89613 0
-77828240469.78212 1
-76660366393.2492 1
-75501562759.93265 0
-74351942668.69955 1
-73211611380.76689 0
-72080667505.6057 0
-70959202116.737 1
-69847299729.52313 0
-68745038483.05727 1
-67652489831.25274 1
-66569719451.23334 0
-65496787070.12467 1
-64433746513.34665 0
-63380646412.50612 0
-62337529933.98765 1
-61304435168.338486 0
-60281395447.54258 1
-59268439103.277504 1
-58265590228.2473 0
-57272868318.6835 1
-56290288618.10655 0
-55317862531.43905 1
-54355597323.56183 0
-53403496769.40282 1
-52461560702.646904 0
-51529785878.15405 0
-50608165433.17249 1
-49696689410.43349 1
-48795344938.21263 0
-47904116087.440735 1
-47022984061.94598 0
-46151927594.907974 0
-45290922666.60307 1
-44439942874.5191 0
-43598959517.91696 0
-42767941499.91607 1
-41946855740.17997 0
-41135667119.27784 1
-40334338341.79651 1
-39542830727.27769 0
-38761103423.05558 1
-37989113808.07125 0
-37226818190.74035 1
-36474170749.95114 0
-35731124839.26922 0
-34997631899.42389 1
-34273642369.150497 1
-33559105446.462223 1
-32853969118.42349 0
-32158180317.496292 0
-31471684879.52939 1
-30794427697.459694 1
-30126352853.795475 0
-29467403485.950897 1
-28817521810.501072 0
-28176649653.425564 1
-27544727597.406715 0
-26921696098.24751 0
-26307494692.471954 1
-25702062390.16947 0
-25105337864.14345 1
-24517258950.422832 1
-23937763371.194218 0
-23366788384.21059 1
-22804270611.73137 0
-22250146716.0469 0
-21704352806.639027 1
-21166824748.02754 0
-20637498339.350616 1
-20116308849.72548 1
-19603191678.4337 1
-19098081903.973976 1
-18600914507.023613 0
-18111624400.347874 1
-17630146269.69483 1
-17156414940.711805 0
-16690365152.918137 1
-16231931406.76787 0
-15781048608.83458 0
-15337651332.149132 1
-14901674327.719824 0
-14473052501.262873 1
-14051720606.169865 1
-13637613738.73729 0
-13230666977.681843 1
-12830815410.963747 0
-12437994562.93911 1
-12052139794.861464 1
-11673186828.75157 0
-11301071547.653538 1
-10935729861.294424 0
-10577098126.163605 0
-10225112706.027279 1
-9879710225.892694 0
-9540827698.436003 1
-9208402069.906963 1
-8882370832.522966 0
-8562671616.364204 1
-8249242167.781448 0
-7942020818.327492 1
-7640945829.222752 1
-7345956008.364964 0
-7056990366.892319 1
-6773988046.30861 0
-6496888807.17821 0
-6225632409.397973 1
-5960159039.05254 0
-5700409300.858995 1
-5446323823.206225 1
-5197843864.793722 0
-4954910836.873932 1
-4717466374.101635 0
-4485452712.99321 1
-4258812092.998018 1
-4037487310.183705 0
-3821421411.5368137 1
-3610557605.879687 0
-3404839748.404275 0
-3204211732.8231244 1
-3008617817.1375833 0
-2818002766.0230274 1
-2632311348.8306937 1
-2451488956.205463 0
-2275481125.318767 1
-2104233616.7156694 0
-1937692772.7750678 1
-1775804913.7818966 1
-1618516867.610193 0
-1465775738.0159621 1
-1317528709.538878 1
-1173723570.011999 0
-1034308140.6788393 1
-899230514.9173135 0
-768439269.5702579 1
-641882888.8824754 1
-519510429.04452944 0
-401271034.3438388 1
-287113967.9239609 0
-176989015.15329778 0
-70845863.60481167 1
31365431.3512702 0
129694573.33936083 1
224191339.1522032 0
314904973.30306184 0
401884834.9526489 1
485180086.20652354 0
564839565.7781963 1
640912299.0126278 1
713446908.2642733 0
782491996.6232404 1
848096274.982548 0
910308054.4388593 1
969175869.018424 1
1024748031.7192963 0
1077072812.8601956 1
1126198701.7256787 1
1172173830.4965796 0
1215046598.453936 1
1254865418.443822 0
1291678539.5896873 1
1325534590.2379925 1
1356481980.1220956 0
1384569327.7285383 1
1409845497.849015 0
1432359162.300429 0
1452159451.7945368 1
1469295494.937734 0
1483816537.3405056 1
1495772278.8150103 1
1505212283.6382658 0
1512186582.8574252 1
1516745453.6125646 0
1518939213.4513252 1
1518818778.6086912 1
1516435089.2241166 0
1511839500.467119 1
1505083837.5412924 0
1496219962.5354886 0
1485300403.0896502 1
1472377928.8414853 0
1457505632.618929 1
1440737283.342027 1
1422126739.596535 0
1401728531.8401692 1
1379597661.2010858 0
1355789373.8267927 1
1330359719.740314 1
1303364986.159008 0
1274862056.2300034 1
1244908497.1347814 0
1213562085.5140512 0
1180881458.1625566 1
1146925672.9419801 0
1111754253.8585875 1
1075427592.2507193 1
1038006307.0297303 0
999551831.9164474 1
960126216.6136806 0
919791870.8537381 1
878612118.2582939 1
836650638.9463232 0
793971766.8241172 1
750640623.489706 0
706722600.6822867 0
662283966.2054625 1
617391475.251328 0
572112358.0506115 1
526514686.7722583 1
480666769.5940137 0
434637665.8637614 1
388497014.26947975 0
342314713.93379545 1
296161479.34723186 1
250108267.0523615 0
204226526.98904514 1
158588324.40895128 0
113265793.26554632 0
68331717.98372364 1
23859126.511187553 0
-20078796.448319912 1
-63408306.12186766 1
-106055779.37818956 0
-147947239.56854582 1
-189008511.60572672 0
-229165649.3914709 1
-268344353.70471907 1
-306470602.6653547 0
-343470478.8902626 1
-379270019.4607415 0
-413795858.82268286 0
-446974670.7433548 1
-478733619.451179 0
-509000506.0875244 1
-537703384.6022162 1
-564771327.2272377 0
-590133982.665935 1
-613721793.1379166 0
-635466446.4226937 1
-655300409.0480285 1
-673157549.7718792 0
-688973076.5098176 1
-702683407.862853 0
-714226923.4037199 0
-723543436.8829083 1
-730574711.519062 0
-735264700.5417647 1
-737559235.1582975 1
-737406816.1194401 0
-734758317.0627999 1
-729567216.8155761 0
-721790171.8421469 0
-711386613.025384 1
-698319446.9742222 0
-682555099.0536757 1
-664063469.3372264 0
-642818727.6853108 0
-618798979.1575279 1
-591986758.9701004 0
-562369461.2140183 1
-529939085.55323505 1
-494693133.1262088 0
-456634429.8780322 1
-415771457.5544758 0
-372119038.59346914 0
-325698067.1537514 1
-276536279.52458954 0
-224668460.16468143 1
-170136515.62274742 1
-112990387.5967269 0
-53287836.392995834 1
8904922.948459625 0
73512639.59242582 1
140451162.6352191 1
209626412.3398409 0
280934362.5946717 1
354260634.30591774 0
429479595.4290829 0
506454499.3397393 1
585036576.2388611 0
665064600.2828097 1
746364735.122879 1
828749385.5341201 0
912017250.8079181 1
995952547.5774899 0
1080324195.7401676 1
1164885798.1349735 1
1249374426.6285658 0
1333510389.2571206 1
1416996639.0661402 0
1499517660.2844625 0
