2.8367826631346544e+16 1
2.8752687678722316e+16 0
2.9111778458034852e+16 0
2.944586511715405e+16 1
2.975569707723278e+16 0
3.0042007303951868e+16 0
3.0305512576496216e+16 0
3.0546913754224964e+16 1
3.0766896041001852e+16 0
3.0966129247153904e+16 0
3.1145268049029108e+16 1
3.130495224612512e+16 1
3.1445807015763096e+16 1
3.156844316528091e+16 1
3.1673457381721188e+16 0
3.1761432478990852e+16 1
3.183293764247027e+16 1
3.1888528671049876e+16 0
3.192874821657681e+16 1
3.1954126020691268e+16 1
3.1965179149038016e+16 0
3.1962412222838092e+16 0
3.194631764780757e+16 1
3.191737584041152e+16 1
3.1876055451442668e+16 0
3.182281358691418e+16 0
3.175809602625633e+16 1
3.1682337437807444e+16 0
3.1595961591591384e+16 1
3.1499381569374504e+16 1
3.1392999971995884e+16 0
3.1277209123967144e+16 0
3.115239127533822e+16 1
3.1018918800828364e+16 0
3.087715439622303e+16 0
3.0727451272038772e+16 1
3.0570153344459316e+16 1
3.0405595423547796e+16 0
3.0234103398741136e+16 1
3.0055994421633332e+16 0
2.9871577086056652e+16 1
2.9681151605471224e+16 0
2.948500998767471e+16 0
2.928343620684597e+16 1
2.9076706372935936e+16 1
2.886508889842115e+16 0
2.8648844662435824e+16 1
2.8428227172298236e+16 0
2.8203482722449164e+16 0
2.7974850550819772e+16 0
2.7742562992645676e+16 1
2.7506845631745376e+16 0
2.7267917449281504e+16 1
2.7025990970024216e+16 0
2.6781272406135612e+16 1
2.6533961798496492e+16 1
2.6284253155594704e+16 0
2.6032334589997332e+16 1
2.5778388452426576e+16 0
2.5522591463457716e+16 0
2.5265114842863696e+16 1
2.5006124436621092e+16 0
2.4745780841599756e+16 1
2.448423952795825e+16 1
2.4221650959260028e+16 0
2.3958160710337332e+16 1
2.369390958292178e+16 0
2.3429033719061656e+16 0
2.316366471235376e+16 1
2.2897929717007716e+16 1
2.2631951554767644e+16 0
2.2365848819715736e+16 1
2.209973598097826e+16 0
2.1833723483360028e+16 1
2.156791784593291e+16 0
2.1302421758601604e+16 1
2.1037334176676304e+16 0
2.077275041347621e+16 1
2.0508762230998404e+16 0
2.024545792867666e+16 1
1.9982922430268176e+16 0
1.9721237368896376e+16 1
1.9460481170289228e+16 1
1.9200729134244216e+16 0
1.8942053514361616e+16 1
1.8684523596080776e+16 1
1.8428205773058516e+16 0
1.8173163621929908e+16 1
1.7919457975488602e+16 1
1.7667146994324484e+16 0
1.7416286236957106e+16 1
1.7166928728499058e+16 1
1.6919125027884734e+16 0
1.6672923293697004e+16 1
1.6428369348622892e+16 0
1.6185506742566884e+16 0
1.5944376814452652e+16 1
1.5705018752737748e+16 0
1.54674696546689e+16 1
1.5231764584303438e+16 0
1.4997936629319148e+16 1
1.4766016956637812e+16 1
1.4536034866882322e+16 0
1.4308017847689924e+16 1
1.408199162590033e+16 0
1.3857980218637164e+16 1
1.363600598330364e+16 0
1.341608966650622e+16 1
1.3198250451928456e+16 0
1.2982506007166098e+16 0
1.2768872529544152e+16 1
1.2557364790927972e+16 0
1.234799618154664e+16 1
1.2140778752843222e+16 0
1.1935723259365434e+16 0
1.1732839199715282e+16 1
1.1532134856565326e+16 0
1.1333617335762546e+16 1
1.113729260453074e+16 0
1.094316552878199e+16 1
1.0751239909558574e+16 0
1.056151851860946e+16 1
1.0374003133125222e+16 0
1.0188694569635924e+16 0
1.000559271709433e+16 1
9824696569152112.0 0
9646004255646738.0 1
9469513073314452.0 0
9295219515741676.0 1
9123119302574918.0 0
8953207407998622.0 0
8785478088504871.0 1
8619924909962748.0 0
8456540774006807.0 1
8295317943759098.0 0
8136248068896648.0 1
7979322210083017.0 0
7824530862772422.0 0
7671863980405915.0 1
7521310997008106.0 0
7372860849200967.0 1
7226501997648174.0 0
7082222447939426.0 1
6940009770932267.0 0
6799851122559363.0 1
6661733263117061.0 1
6525642576043644.0 0
6391565086202486.0 0
6259486477679021.0 1
6129392111103955.0 0
6001267040512851.0 1
5875096029755074.0 0
5750863568457705.0 1
5628553887561533.0 1
5508150974431709.0 0
5389638587558645.0 1
5273000270854925.0 1
5158219367557909.0 0
5045279033748237.0 1
4934162251491962.0 1
4824851841611764.0 0
4717330476101017.0 0
4611580690181134.0 1
4507584894013595.0 0
4405325384071698.5 1
4304784354183003.5 0
4205943906240102.0 0
4108786060599900.0 1
4013292766163993.5 0
3919445910155467.5 0
3827227327598494.5 1
3736618810499022.5 0
3647602116741260.0 1
3560158978701867.0 0
3474271111586065.5 0
3389920221494904.0 1
3307088013226167.5 0
3225756197816296.0 0
3145906499828128.5 1
3067520664389221.0 0
2990580463986708.0 1
2915067705024033.0 0
2840964234143508.0 0
2768251944320722.5 1
2696912780734763.5 0
2626928746419302.5 1
2558281907699346.0 0
2490954399417267.0 0
2424928429953919.5 0
2360186286047731.5 1
2296710337416935.5 1
2234483041188583.5 0
2173486946138669.0 0
2113704696747489.5 1
2055119037074135.0 0
1997712814454324.2 1
1941468983026090.8 0
1886370607086210.5 1
1832400864282842.2 0
1779543048646988.5 1
1727780573467819.0 0
1677096974014853.5 0
1627475910111700.5 1
1578901168564460.5 0
1531356665448960.2 1
1484826448260826.0 1
1439294697931227.0 0
1394745730713349.0 1
1351163999942349.0 0
1308534097672756.8 1
1266840756197642.0 1
1226068849452049.5 0
1186203394305566.8 0
1147229551746988.2 0
1109132627964580.5 0
1071898075325840.4 1
1035511493259891.2 0
999958629046009.9 1
965225378511921.0 0
931297786644013.0 0
898162048114160.2 1
865804507724950.5 0
834211660776856.1 1
803370153360869.4 0
773266782577795.4 1
743888496689056.9 1
715222395200209.5 0
687255728880486.8 1
659975899720708.8 1
633370460831761.4 0
607427116286576.2 1
582133720907130.2 1
557478279998684.94 0
533448949034082.9 0
510034033289298.06 1
487221987432359.2 0
465001415067641.6 1
443361068237776.2 0
422289846883549.25 1
401776798265543.06 0
381811116347064.5 1
362382141141641.56 1
343479358025352.56 1
325092397016350.56 0
307211032022589.25 1
289825180059315.94 0
272924900437331.22 1
256500393924313.47 0
240542001879037.84 0
225040205361464.44 1
209985624218261.2 0
195369016146030.28 1
181181275733305.84 1
167413433481559.88 0
154056654807390.34 1
141102239026404.84 0
128541618319442.67 0
116366356682915.22 0
104568148863526.97 1
93138819278664.75 0
82070320922981.02 0
71354734262914.55 1
60984266118405.99 0
50951248533966.37 1
41248137639672.12 1
31867512502072.79 0
22802073966518.37 1
14044643491693.951 0
5588161975144.211 1
-2574311425625.7793 1
-10449600480492.107 0
-18044413078486.844 1
-25365342424811.605 0
-32418868242588.137 1
-39211357978046.07 0
-45749068009672.16 0
-52038144859461.11 1
-58084626407177.96 1
-63894443106191.46 0
-69473419200675.06 0
-74827273943740.69 1
-79961622816295.3 0
-84881978745928.19 0
-89593753324887.88 1
-94102258028239.0 1
-98412705430252.48 0
-102530210419502.23 1
-106459791411833.4 0
-110206371561919.1 1
-113774779970688.62 0
-117169752892125.3 0
-120395934934204.8 1
-123457880258549.22 0
-126360053775118.73 0
-129106832332613.73 1
-131702505905326.7 1
-134151278774762.47 0
-136457270706488.06 1
-138624518121792.3 0
-140656975264140.94 1
-142558515359638.8 0
-144332931772837.22 1
-145983939154370.7 1
-147515174584723.4 0
-148930198710107.78 1
-150232496872233.03 0
-151425480231348.03 1
-152512486881942.94 1
-153496782961964.62 0
-154381563754120.62 1
-155169954779753.84 0
-155865012885969.16 1
-156469727323592.56 1
-156987020818526.34 0
-157419750634341.03 0
-157770709626938.03 0
-158042627291017.03 1
-158238170797889.75 1
-158359946025140.25 0
-158410498577064.0 1
-158392314796804.84 0
-158307822769695.0 1
-158159393316725.7 0
-157949340980555.75 1
-157679925000264.2 0
-157353350278424.88 1
-156971768337778.56 0
-156537278268967.56 1
-156051927667827.34 0
-155517713564211.0 1
-154936583339465.5 1
-154310435635193.9 0
-153641121251411.44 1
-152930444034738.25 1
-152180161756672.1 0
-151391986981277.12 1
-150567587922807.7 1
-149708589293355.38 0
-148816573139452.8 1
-147893079668578.66 0
-146939608065745.1 1
-145957617298675.72 0
-144948526913309.2 1
-143913717818301.62 0
-142854533059610.97 1
-141772278583620.94 1
-140668223990832.52 0
-139543603278351.5 1
-138399615571921.48 0
-137237425848025.73 1
-136058165644710.12 0
-134862933762686.28 0
-133652796955425.92 1
-132428790609213.58 0
-131191919412733.88 0
-129943158016043.3 1
-128683451679609.38 0
-127413716913040.7 1
-126134842103068.75 1
-124847688132322.4 0
-123553088987227.28 1
-122251852356103.8 0
-120944760218188.4 1
-119632569421108.88 1
-118316012250537.53 0
-116995796988986.02 0
-115672608465330.56 1
-114347108595204.17 0
-113019936911810.95 1
-111691711087379.1 1
-110363027445937.75 1
-109034461466599.69 0
-107706568278200.66 1
-106379883144927.3 0
-105054921943440.2 1
-103732181631075.12 0
-102412140705916.39 1
-101095259657719.4 0
-99781981411545.72 1
-98472731762016.98 0
-97167919800355.55 1
-95867938332677.52 1
-94573164290873.77 1
-93283959135283.55 0
-92000669249770.77 1
-90723626328940.9 0
-89453147758245.95 0
-88189536986011.05 1
-86933083888539.48 0
-85684065128048.34 1
-84442744502710.25 0
-83209373290788.06 0
-81984190586810.78 1
-80767423631622.34 1
-79559288135374.72 0
-78359988593909.94 1
-77169718598149.92 1
-75988661139520.61 0
-74816988905098.42 1
-73654864569679.5 0
-72502441081014.61 0
-71359861938158.14 1
-70227261465379.69 1
-69104765079442.57 0
-67992489550805.484 1
-66890543259873.07 0
-65799026448903.9 0
-64718031465521.19 1
-63647643003980.88 0
-62587938340019.7 1
-61538987559395.336 0
-60500853784381.45 0
-59473593392004.45 0
-58457256229785.12 1
-57451885825539.805 0
-56457519593252.9 1
-55474189032900.89 1
-54501919927717.414 0
-53540732535363.45 1
-52590641774867.44 1
-51651657410649.31 0
-50723784230027.305 0
-49807022218012.984 1
-48901366727573.8 0
-48006808645954.42 0
-47123334556139.55 1
-46250926895849.92 0
-45389564111628.21 1
-44539220808451.06 0
-43699867897710.36 1
-42871472739335.12 0
-42053999281614.52 1
-41247408196713.01 0
-40451657013517.92 1
-39666700245912.7 1
-38892489519015.266 0
-38128973690910.25 1
-37376098971815.34 0
-36633809040204.945 1
-35902045154949.7 1
-35180746265492.5 0
-34469849118218.96 1
-33769288360006.99 0
-33078996639427.574 0
-32398904704296.74 1
-31728941497114.23 0
-31069034247652.965 1
-30419108562328.05 0
-29779088512211.797 0
-29148896717020.344 1
-28528454428001.9 0
-27917681607829.867 0
-27316497007484.27 0
-26724818242206.562 1
-26142561864344.61 0
-25569643434445.4 1
-25005977589295.348 0
-24451478109391.863 1
-23906057983127.457 0
-23369629469893.227 1
-22842104160119.938 0
-22323393035176.258 1
-21813406523320.895 1
-21312054555915.27 1
-20819246620483.586 0
-20334891812480.44 0
-19858898885379.52 1
-19391176299486.29 0
-18931632268929.97 0
-18480174806276.355 0
-18036711767216.523 1
-17601150892478.504 0
-17173399849239.059 1
-16753366269896.584 0
-16340957791089.635 0
-15936082089802.969 1
-15538646919367.525 0
-15148560143708.113 1
-14765729770036.207 0
-14390063981040.977 1
-14021471165255.477 0
-13659859946786.701 1
-13305139213459.676 1
-12957218144458.238 1
-12616006236340.547 0
-12281413328358.596 0
-11953349626661.309 1
-11631725727741.0 1
-11316452640888.068 0
-11007441809136.97 1
-10704605129824.621 0
-10407854975875.648 1
-10117104211757.217 0
-9832266214557.523 1
-9553254888646.352 1
-9279984684377.13 0
-9012370612479.24 1
-8750328258575.625 1
-8493773799717.296 0
-8242624015762.792 0
-7996796302839.28 1
-7756208686333.44 0
-7520779832377.941 1
-7290429057797.938 0
-7065076341929.598 1
-6844642335436.241 0
-6629048370434.388 0
-6418216468381.594 1
-6212069348743.632 1
-6010530436600.088 0
-5813523869689.043 0
-5620974504978.087 1
-5432807925028.651 0
-5248950443654.313 1
-5069329111076.331 0
-4893871718842.382 1
-4722506804078.115 1
-4555163653669.794 0
-4391772307662.8345 0
-4232263562372.661 1
-4076568973420.915 0
-3924620858055.6763 1
-3776352296992.0435 0
-3631697136616.1226 0
-3490589989802.23 1
-3352966237364.8735 1
-3218762028668.833 0
-3087914281963.4375 1
-2960360684503.932 0
-2836039692653.6606 0
-2714890530797.5996 1
-2596853191233.613 0
-2481868432904.621 0
-2369877779978.7856 0
-2260823520540.6416 1
-2154648704691.9988 0
-2051297142701.2988 1
-1950713402422.9905 0
-1852842807247.373 1
-1757631433054.2563 0
-1665026105626.675 1
-1574974397260.7876 0
-1487424623833.9631 0
-1402325841012.9395 1
-1319627840790.789 0
-1239281147677.2966 0
-1161237014532.2166 1
-1085447418563.7489 1
-1011865056992.4343 1
-940443342596.525 0
-871136399073.7406 1
-803899056305.1528 0
-738686845615.7794 1
-675455994604.3114 1
-614163422198.2372 0
-554766733350.4583 0
-497224213542.33887 0
-441494823634.99365 1
-387538194134.48804 0
-335314619712.50806 0
-284785053170.95074 1
-235911099819.79224 0
-188655011945.50418 0
-142979681813.20447 1
-98848636686.6481 1
-56226032166.0844 0
-15076646017.936256 0
24634128020.80993 1
62940286562.680824 1
99875222922.49887 0
135471733563.16928 1
169762024687.8252 0
202777718573.73703 0
234549860270.4423 1
265108924108.59906 0
294484820289.1092 1
322706901829.0975 1
349803970902.37335 0
375804285685.0404 1
400735567347.9586 0
424625006340.8061 1
447499269510.52856 0
469384506712.0037 1
490306357793.7879 1
510289959088.85516 0
529359950418.2878 1
547540482024.93 1
564855220928.0791 1
581327358124.348 0
596979615148.8878 0
611834250954.2201 1
625913068541.9808 1
639237421669.9247 0
651828221718.5759 0
663705944328.9648 1
674890636092.9413 0
685401920781.6123 1
695259006648.5164 1
704480692481.2106 0
713085374314.0072 1
721091051951.6388 1
728515335274.6814 0
735375450757.6122 0
741688247963.4287 0
747470205708.8159 1
752737438364.91 0
757505702072.7844 1
761790401106.8495 1
765606593712.4207 0
768968998266.7739 1
771891999687.0798 1
774389654715.693 0
776475698305.3517 1
778163549355.9102 0
779466316249.2915 1
780396803180.4153 0
780967514831.9309 0
781190663037.6669 1
781078171516.7852 0
780641681586.7158 1
779892557758.0244 1
778841892615.4454 0
777500512395.3892 1
775878982132.2992 0
773987610535.3107 1
771836455439.7281 1
769435328162.9081 1
766793798975.1943 1
763921201620.6232 0
760826638048.1841 1
757518983506.4928 0
754006890186.7988 1
750298792956.3226 1
746402912835.9802 0
742327261918.6024 0
738079647531.7966 1
733667676480.6362 0
729098759021.4031 1
724380113435.6536 0
719518769447.9283 1
714521572738.4769 0
709395188323.4215 1
704146104923.8236 1
698780638092.1687 0
693304934241.8296 1
687724974513.108 1
682046577476.494 0
676275403480.8167 1
670416957619.9954 0
664476593080.1255 1
658459514544.6691 0
652370781248.562 1
646215310401.0791 0
639997879726.3234 1
633723131221.2316 0
627395573413.0109 0
621019584761.9396 1
614599416254.4963 0
608139194219.8011 1
601642923181.3817 0
595114488314.3009 0
588557658292.7013 1
581976087699.8331 1
575373319523.624 0
568752787698.835 1
562117819596.8359 0
555471638151.0206 0
548817364439.87225 1
542158019741.68787 1
535496527735.95404 0
528835716837.3572 1
522178322417.40546 0
515526988361.6288 1
508884269852.31006 0
502252634763.6866 1
495634465930.55414 1
489032062946.1965 0
482447644076.54736 1
475883348273.4761 0
469341236607.0673 1
462823294456.74915 0
456331432785.1002 0
449867490366.1509 1
443433235100.9732 0
437030365614.3389 1
430660513201.2056 0
424325242941.7687 1
418026055650.80066 0
411764389133.98065 1
405541619773.9047 0
399359063892.4561 1
393217979492.2035 0
387119566967.4779 1
381064971322.7604 0
375055282789.9918 1
369091538707.3991 0
363174724411.41327 1
357305774788.2351 0
351485575147.5823 1
345714963047.1323 1
339994728819.1595 0
334325617192.85315 1
328708328412.79095 1
323143519071.0204 0
317631803554.1832 1
312173755151.10406 1
306769906652.2486 0
301420751989.43896 1
296126747022.2012 0
290888310322.1081 0
285705824678.4718 1
280579637602.7298 1
275510062498.86554 0
270497379616.19415 0
265541836981.82693 1
260643651207.10812 0
255803008336.29993 0
251020065069.78 1
246294949186.00525 1
241627760547.48755 1
237018572061.01767 0
232467430341.36847 1
227974356616.69955 0
223539347208.87695 1
219162374768.91385 0
214843388571.73123 1
210582315752.42975 0
206379061381.2577 1
202233509898.4557 1
198145525103.15665 0
194114951364.5209 1
190141614124.28577 0
186225320343.90732 1
182365859511.47104 0
178563003932.54587 1
174816509579.1547 1
171126116546.03012 0
167491549684.32013 1
163912519426.90637 1
160388721699.49945 0
156919839016.6783 0
153505541210.04553 1
150145485295.67236 0
146839316418.01065 1
143586668388.44757 0
140387163706.6762 1
137240415042.05046 1
134146024428.09111 0
131103584434.30779 1
128112679282.49995 0
125172883409.69823 1
122283764094.90564 1
119444880019.79778 1
116655782829.53783 0
113916017162.85756 1
111225121345.55109 1
108582626978.52419 0
105988059944.54192 0
103440941072.8179 1
100940785643.58694 1
98487104276.80067 0
96079403132.08527 1
93717184588.10121 1
91399946538.44356 0
89127183963.21912 1
86898388787.43594 0
84713049509.34023 1
82570652510.83464 0
80470681443.1133 1
78412618429.64992 1
76395943388.67694 1
74420134894.2941 0
72484670250.346 1
70589025817.20749 0
68732676939.61491 1
66915098693.67961 0
65135765509.21889 0
63394151943.53712 1
61689732606.78709 1
60021982254.039444 0
58390376202.18678 1
56794390613.80709 0
55233502205.10979 0
53707189041.08522 1
52214930238.97733 0
50756206202.19914 1
49330499167.81001 0
47937292787.672966 1
46576072837.407814 0
45246326862.253685 1
43947544682.95323 1
42679218336.76898 0
41440842307.74029 1
40231913688.28757 0
39051932119.26921 1
37900400148.59547 0
36776823019.50271 1
35680709241.59019 0
34611570125.71951 1
33568920681.875546 1
32552278738.08574 0
31561165703.4931 1
30595106662.675243 1
29653630007.29916 0
28736267920.198906 1
27842556463.96064 1
26972035291.09731 0
26124248082.893955 1
25298742505.003273 0
24495070064.86979 0
23712786676.059834 1
22951452285.573715 0
22210630806.215572 0
21489890806.095406 1
20788804947.336998 1
20106950236.06478 1
19443908223.741867 0
18799264862.930397 1
18172610674.544163 1
17563540525.661907 0
16971654044.968197 0
16396555473.887493 1
15837853602.475983 0
15295161722.134556 0
14768098304.205282 1
14256286215.512909 0
13759352902.91205 1
13276931074.900028 0
12808657765.354544 1
12354175131.454706 1
11913129951.843048 0
11485173798.085247 1
11069963471.483461 1
10667160163.298481 0
10276430233.435114 0
9897444896.644333 0
9529880221.29471 1
9173417166.764723 0
8827740981.506643 1
8492543323.831761 0
8167518908.46566 0
7852368813.921293 1
7546798790.736702 0
7250518114.623349 1
6963243287.570203 0
6684693315.947901 1
6414593846.656502 1
6152674529.359365 0
5898670121.844827 1
5652320356.556448 1
5413369517.3316555 0
5181567067.387413 1
4956667363.590421 1
4738429092.048176 1
4526616154.056054 0
4320997187.434367 1
4121345692.2881794 0
3927439806.221536 1
3739062540.0365477 1
3556001561.9464607 0
3378049315.330484 1
3205003109.056737 0
3036664662.3983593 0
2872840701.5663977 1
2713342460.8817005 1
2557985867.6066537 0
2406591503.456169 1
2258984621.805916 1
2114994992.614396 0
1974457040.0740159 1
1837209789.0047734 0
1703096760.0025723 1
1571966112.3525753 0
1443670397.7163556 1
1318066789.5999367 0
1195016881.6081069 1
1074386793.4886112 1
956047027.9680445 0
839872456.3794084 0
725742525.0793784 1
613541009.6513388 0
503155952.8882432 0
394479934.5473671 1
287409706.8668878 0
181846355.83202553 0
77695295.17627382 1
-25133806.898949623 0
-126727108.30513287 1
-227166364.96912432 0
-326529360.080657 1
-424889515.71076345 0
-522316203.82923365 1
-618874601.7516103 1
-714625878.048554 0
-809627065.9528322 0
-903931040.3016157 1
-997586771.054204 1
-1090639197.4277825 0
-1183129279.6963115 0
-1275093987.7001677 1
-1366566405.1167297 1
-1457575714.5448446 0
-1548147281.458919 0
-1638302500.0910997 1
-1728059058.302782 1
-1817430911.5094557 1
-1906428233.725676 0
-1995057535.7997465 0
-2083321538.910541 1
-2171219486.401902 1
-2258746995.033055 0
-2345896161.7264557 0
-2432655475.897607 0
-2519010045.454377 1
-2604941562.556611 0
-2690428378.2301106 1
-2775445464.932446 0
-2859964611.1714025 1
-2943954292.2802734 0
-3027379953.4577274 1
-3110203785.1836348 0
-3192385138.1258636 1
-3273880187.6567264 0
-3354642409.1014767 1
-3434622221.8450594 1
-3513767487.427169 0
-3592023313.7595377 1
-3669332047.60328 0
-3745633729.4480762 1
-3820865827.9390755 1
-3894963509.001527 0
-3967859670.817336 1
-4039484951.812007 0
-4109768236.8144712 1
-4178635870.5563393 1
-4246012988.6811705 0
-4311822703.438542 1
-4375986372.241853 0
-4438424184.273254 0
-4499054713.323537 1
-4557795303.059238 1
-4614562519.913835 0
-4669271732.804321 1
-4721837469.878889 0
-4772173844.505982 1
-4820194352.719487 0
-4865812354.339206 1
-4908940946.990241 1
-4949493396.249429 0
-4987383288.151215 0
-5022524439.289678 1
-5054831608.7577505 0
-5084220528.169101 1
-5110607600.0127735 0
-5133911130.595379 1
-5154050637.830419 0
-5170947767.139263 0
-5184526012.733402 1
-5194711299.5528965 1
-5201432506.141276 0
-5204621285.742613 1
-5204212355.911979 0
-5200144399.936114 1
-5192359462.36696 1
-5180804401.976847 0
-5165430430.450169 1
-5146193353.132529 1
-5123054872.16476 0
-5095982011.336087 0
-5064947908.997757 1
-5029932244.385371 0
-4990921679.705165 1
-4947910123.346402 1
-4900899418.58937 1
-4849899694.185732 0
-4794929692.195241 1
-4736017362.470207 0
-4673200837.186738 0
-4606528160.829228 0
-4536058326.042065 1
-4461861800.770132 0
-4384021102.117611 1
-4302631221.362561 0
-4217800464.573122 1
-4129650939.2796097 0
-4038319394.6652355 0
-3943957599.746728 1
-3846733196.02458 0
-3746830898.091318 1
-3644452162.69497 1
-3539816946.7638845 0
-3433164015.908205 1
-3324751797.922492 0
-3214859424.823614 1
-3103787068.967807 0
-2991857759.800473 1
-2879417141.8021917 0
-2766835427.204215 1
-2654507626.056587 0
-2542854993.2418423 0
