-5675806013008428.0 1
-5993413880015505.0 0
-6297282361318008.0 1
-6587767120626572.0 0
-6865216969710422.0 1
-7129973961590034.0 1
-7382373483359453.0 0
-7622744348603902.0 1
-7851408889381062.0 0
-8068683047735327.0 1
-8274876466715407.0 1
-8470292580868350.0 0
-8655228706183328.0 1
-8829976129460913.0 1
-8994820197084903.0 0
-9150040403174398.0 1
-9295910477097058.0 0
-9432698470324960.0 1
-9560666842616338.0 1
-9680072547508832.0 0
-9791167117110032.0 1
-9894196746173678.0 0
-9989402375450716.0 1
-1.0077019774304878e+16 0
-1.0157279622585208e+16 0
-1.0230407591747404e+16 1
-1.0296624425218642e+16 0
-1.0356146018000614e+16 0
-1.0409183495506714e+16 1
-1.0455943291630302e+16 0
-1.0496627226040858e+16 1
-1.0531432580705216e+16 1
-1.056055217563229e+16 0
-1.0584174443838798e+16 1
-1.0602483505534522e+16 0
-1.0615659241525006e+16 0
-1.0623877365828874e+16 1
-1.0627309497508628e+16 0
-1.0626123231712366e+16 1
-1.0620482209925128e+16 0
-1.0610546189428674e+16 0
-1.059647111196777e+16 1
-1.0578409171622822e+16 0
-1.0556508881887942e+16 1
-1.0530915141953862e+16 0
-1.0501769302196584e+16 0
-1.0469209228871652e+16 1
-1.0433369368015428e+16 0
-1.039438080855472e+16 0
-1.0352371344626576e+16 1
-1.0307465537110912e+16 0
-1.0259784774378044e+16 1
-1.0209447332253982e+16 0
-1.0156568433206542e+16 0
-1.0101260304754726e+16 1
-1.0043632237105292e+16 0
-9983790640019918.0 1
-9921839098916866.0 1
-9857878430212182.0 0
-9792006735904058.0 1
-9724319457405472.0 0
-9654909428630034.0 1
-9583866928334346.0 1
-9511279731722364.0 0
-9437233161315084.0 1
-9361810137090346.0 1
-9285091225897468.0 0
-9207154690150464.0 1
-9128076535805504.0 0
-9047930559626852.0 0
-8966788395746129.0 1
-8884719561520791.0 0
-8801791502696147.0 1
-8718069637876770.0 0
-8633617402313073.0 1
-8548496291008067.0 1
-8462765901151790.0 0
-8376483973887928.0 1
-8289706435419808.0 1
-8202487437461737.0 0
-8114879397041546.0 1
-8026933035660708.0 0
-7938697417818512.0 1
-7850219988905516.0 0
-7761546612473811.0 0
-7672721606887812.0 1
-7583787781363270.0 0
-7494786471398944.0 1
-7405757573605690.0 1
-7316739579939847.0 0
-7227769611344033.0 1
-7138883450800791.0 0
-7050115575804141.0 1
-6961499190251548.0 0
-6873066255763846.0 1
-6784847522433940.0 0
-6696872559011561.0 1
-6609169782526686.0 0
-6521766487358032.0 1
-6434688873749467.0 0
-6347962075780889.0 0
-6261610188797499.0 1
-6175656296303675.0 0
-6090122496326753.0 0
-6005029927255954.0 1
-5920398793164007.0 0
-5836248388616497.0 1
-5752597122975520.0 1
-5669462544205244.0 0
-5586861362185530.0 1
-5504809471541229.0 0
-5423321973994639.0 0
-5342413200247975.0 1
-5262096731404255.0 0
-5182385419933362.0 1
-5103291410190977.0 0
-5024826158498599.0 1
-4947000452790574.0 0
-4869824431837419.0 1
-4793307604050110.0 0
-4717458865874816.0 1
-4642286519783146.0 0
-4567798291865877.0 1
-4494001349036225.5 0
-4420902315850451.5 1
-4348507290950464.5 0
-4276821863139096.5 1
-4205851127088797.5 0
-4135599698697664.5 1
-4066071730092085.0 1
-3997270924287844.5 0
-3929200549513123.0 1
-3861863453200362.5 0
-3795262075654727.5 0
-3729398463402451.0 1
-3664274282228467.0 1
-3599890829907425.5 0
-3536249048634642.0 1
-3473349537163870.0 0
-3411192562657816.0 0
-3349778072255571.0 1
-3289105704365838.5 1
-3229174799689335.5 0
-3169984411976402.5 0
-3111533318525338.5 1
-3053820030428462.5 0
-2996842802567967.0 0
-2940599643367407.5 1
-2885088324307287.0 0
-2830306389203698.0 1
-2776251163257270.0 0
-2722919761878784.5 1
-2670309099290105.0 0
-2618415896910612.5 1
-2567236691528523.5 1
-2516767843263984.0 0
-2467005543326220.0 1
-2417945821569449.5 0
-2369584553851554.0 1
-2321917469198008.0 1
-2274940156776751.5 0
-2228648072686131.0 0
-2183036546560532.0 0
-2138100787997178.5 0
-2093835892807864.8 0
-2050236849099248.2 0
-2007298543185287.2 0
-1965015765335357.8 0
-1923383215361499.5 1
-1882395508048160.0 1
-1842047178427753.5 1
-1802332686905086.0 1
-1763246424234081.2 0
-1724782716349237.0 1
-1686935829055537.5 1
-1649699972578873.0 1
-1613069305979821.0 1
-1577037941433770.8 1
-1541599948380060.0 0
-1506749357542478.5 0
-1472480164824145.5 1
-1438786335079412.2 0
-1405661805765497.0 0
-1373100490476509.0 0
-1341096282362569.2 0
-1309643057436635.5 0
-1278734677771646.0 0
-1248364994590504.2 0
-1218527851251366.5 0
-1189217086130654.2 0
-1160426535406166.0 0
-1132150035742602.2 0
-1104381426881768.1 0
-1077114554139654.5 0
-1050343270812553.2 0
-1024061440494309.2 1
-998262939306764.0 0
-972941658045459.9 1
-948091504242421.2 0
-923706404148332.2 1
-899780304635282.9 1
-876307175022808.2 0
-853281008828269.6 1
-830695825443409.6 1
-808545671739359.6 1
-786824623600730.1 0
-765526787391237.2 0
-744646301352023.9 1
-724177336934409.2 0
-704114100068746.0 1
-684450832370337.4 1
-665181812285153.2 0
-646301356175621.8 0
-627803819348831.0 1
-609683597028688.2 0
-591935125273169.1 1
-574552881838415.6 0
-557531386991646.44 0
-540865204273342.25 1
-524548941211632.5 0
-508577249989277.1 1
-492944828064984.25 0
-477646418751230.7 0
-462676811748688.0 1
-448030843640104.6 0
-433703398343966.8 0
-419689407529478.2 1
-405983850994594.2 0
-392581757008222.44 1
-379478202616989.1 0
-366668313920166.4 1
-354147266310221.3 1
-341910284684676.1 0
-329952643626565.56 1
-318269667556807.2 0
-306856730859351.3 1
-295709257979253.4 1
-284822723496297.8 0
-274192652173578.8 1
-263814618983092.4 0
-253684249109750.34 0
-243797217932807.94 0
-234149250988237.4 1
-224736123910932.6 0
-215553662358634.94 1
-206597741917977.47 0
-197864287993982.66 1
-189349275682810.06 1
-181048729629998.12 0
-172958723873316.7 1
-165075381671905.8 0
-157394875322678.84 1
-149913425962816.16 1
-142627303361899.78 0
-135532825701426.38 1
-128626359343942.84 0
-121904318592143.92 1
-115363165437747.33 0
-108999409301785.31 0
-102809606765512.7 1
-96790361293748.89 0
-90938322950148.53 0
-85250188105087.42 1
-79722699136927.03 0
-74352644126620.14 1
-69136856546263.79 1
-64072214942102.93 0
-59155642611877.01 1
-54384107277400.44 0
-49754620752697.11 0
-45264238607070.93 1
-40910059824850.32 0
-36689226460979.87 1
-32598923293025.496 1
-28636377470384.66 0
-24798858159900.176 1
-21083676189093.258 0
-17488183687016.164 1
-14009773722098.514 1
-10645879938827.88 0
-7393976191732.134 1
-4251576177996.286 0
-1216233068744.549 1
1714460861635.7092 0
4542874606653.308 0
7271338800480.695 1
9902146091232.588 1
12437551515124.97 0
14879772871263.36 1
17230991096836.719 0
19493350642577.668 1
21668959848676.54 1
23759891320482.78 0
25768182304481.027 1
27695835064105.418 0
29544817255092.793 1
31317062301009.266 1
33014469767930.64 0
34638905738970.406 1
36192203188189.06 1
37676162353753.37 0
39092551110561.22 1
40443105342111.16 0
41729529311330.58 1
42953496030846.2 1
44116647632001.51 0
45220595733063.6 0
46266921806301.54 1
47257177543921.64 1
48192885222906.484 1
49075538068628.516 0
49906600617201.805 1
50687509076576.17 0
51419671686140.61 1
52104469075211.27 1
52743254619773.3 0
53337354798072.55 1
53888069544538.945 1
54396672601903.76 0
54864411872255.17 1
55292509766086.48 1
55682163549654.26 0
56034545690875.15 0
56350804203236.19 1
56632062988000.234 0
56879422174518.086 1
57093958458854.99 0
57276725440196.766 1
57428753955653.88 0
57551052412631.88 0
57644607119747.72 1
57710382615150.59 0
57749321993030.76 1
57762347228100.49 0
57750359497550.95 0
57714239501392.195 1
57654847780082.04 0
57573025030259.9 1
57469592418229.32 1
57345351890969.44 0
57201086485185.58 1
57037560633861.5 0
56855520470395.18 0
56655694130809.65 1
56438792053089.125 0
56205507274441.234 1
55956515726180.21 0
55692476525859.766 0
55414032267423.016 1
55121809308428.12 0
54816418054908.74 1
54498453243965.36 0
54168494223187.7 1
53827105228208.64 0
53474835657004.04 0
53112220341916.92 1
52739779818786.336 1
52358020593436.92 0
51967435405431.95 1
51568503489114.695 0
51161690831512.28 0
50747450427996.8 1
50326222534596.91 0
49898434917546.05 1
49464503100389.125 1
49024830607470.38 0
48579809205175.805 1
48129819139963.88 0
47675229373330.68 0
47216397814335.23 1
46753671548606.23 0
46287387064757.81 1
45817870477897.914 0
45345437749801.3 1
44870394906598.445 0
44393038253111.56 1
43913654584433.68 0
43432521394382.66 0
42949907081144.65 0
42466071149736.23 1
41981264411611.49 1
41495729181234.21 0
41009699469758.984 1
40523401175660.586 0
40037052272263.914 1
39550862992816.4 0
39065036011942.85 0
38579766624745.46 1
38095242922699.57 0
37611645966732.625 1
37129149957548.38 0
36647922402777.81 0
36168124281807.05 1
35689910207315.56 1
35213428584240.55 0
34738821766029.113 1
34266226208018.816 1
33795772618123.426 1
33327586104855.645 1
32861786322658.062 0
32398487614531.816 1
31937799152148.477 0
31479825073107.258 0
31024664615993.992 1
30572412252565.812 0
30123157817512.656 1
29676986635942.08 1
29233979647832.152 1
28794213530717.223 1
28357760819522.82 0
27924690024187.59 0
27495065744880.61 1
27068948784843.16 1
26646396260930.188 0
26227461711989.746 1
25812195204998.918 0
25400643438488.773 1
24992849844766.297 1
24588854688707.41 0
24188695165450.53 0
23792405495536.133 1
23400017017895.945 0
23011558280772.61 1
22627055130980.836 0
22246530800589.37 0
21870005992191.766 1
21497498961702.594 1
21129025599587.848 0
20764599510126.312 1
20404232088808.87 0
20047932597459.07 0
19695708238433.87 0
19347564226163.355 1
19003503857339.305 0
18663528579094.92 0
18327638055997.83 1
17995830234525.457 0
17668101406470.902 1
17344446270663.209 0
17024857992668.018 1
16709328263424.36 0
16397847355662.281 0
16090404179846.516 1
15786986337384.773 0
15487580172972.47 1
15192170826148.875 0
14900742279640.646 0
14613277408978.912 1
14329758028001.99 0
14050164934794.602 0
13774477956222.84 1
13502675990526.78 0
13234737049029.082 0
12970638297370.408 1
12710356094222.945 0
12453866029289.014 1
12201142962283.182 0
11952161056480.69 0
11706893816737.68 1
11465314121525.412 0
11227394255171.234 1
10993105944145.535 0
10762420383135.27 1
10535308269477.861 1
10311739829790.707 0
10091684850397.037 0
9875112704242.188 1
9661992377897.48 0
9452292496899.03 1
9245981353459.89 0
9043026927750.121 1
8843396915114.555 1
8647058746305.456 0
8453979611719.765 1
8264126483122.263 0
8077466133332.674 1
7893965158456.379 0
7713589996042.076 1
7536306946108.287 1
7362082187885.155 0
7190881798955.417 1
7022671772647.953 1
6857418034026.9375 1
6695086457475.209 1
6535642881748.05 0
6379053125425.125 0
6225283001692.91 0
6074298332642.459 0
5926064963080.003 0
5780548773865.593 0
5637715694791.74 0
5497531717012.676 0
5359962905034.514 1
5224975408277.263 1
5092535472161.229 1
4962609448983.966 0
4835163808027.628 1
4710165145915.337 1
4587580195542.036 1
4467375835751.196 1
4349519099971.6924 1
4233977184640.097 0
4120717457287.5283 0
4009707464338.042 0
3900914938535.441 0
3794307806018.25 0
3689854193087.4644 0
3587522432663.583 0
3487281070438.356 0
3389098870728.585 0
3292944822039.2515 0
3198788142343.2075 0
3106598284084.6123 0
3016344938913.257 0
2927998042156.8926 0
2841527777038.663 0
2756904578646.655 0
2674099137662.4165 0
2593082403855.128 0
2513825589347.925 0
2436300171662.7656 0
2360477896550.0986 0
2286330780609.4805 1
2213831113727.1416 0
2142951461199.3403 0
2073664665953.22 1
2005943850222.751 0
1939762417210.2126 1
1875094052708.5557 0
1811912726275.8525 1
1750192692490.896 1
1689908491882.8535 0
1631034951772.7336 1
1573547187064.3062 1
1517420600552.045 0
1462630883585.5881 1
1409154016216.1582 0
1356966267155.342 0
1306044194210.5679 1
1256364643727.55 0
1207904750485.8965 1
1160641937503.0085 0
1114553915302.3398 0
1069618681560.0167 1
1025814520327.7262 0
983120001144.6825 0
941513978401.4204 0
900975590194.1005 1
861484257329.9409 0
823019682087.3267 0
785561847147.0702 1
749091014214.2218 0
713587722499.7423 1
679032787645.2911 0
645407299607.3206 0
612692621832.592 0
580870388952.1517 1
549922505387.7113 0
519831143412.2907 0
490578741670.8963 1
462148002911.925 0
434521892158.9138 1
407683635161.1892 0
381616715664.90283 0
356304874032.86896 1
331732104774.5439 0
307882654395.4129 1
284741019633.98254 0
262291944750.5149 1
240520419690.58597 0
219411677639.49606 1
198951192896.51166 0
179124678303.8672 1
159918083378.4048 0
141317591432.6779 1
123309617678.2927 0
105880806430.20872 0
89018029144.66978 1
72708381699.388 0
56939182019.55445 1
41697967864.20164 0
26972494004.395676 0
12750730134.689728 1
-979141722.7755443 0
-14228729874.183666 0
-27009434897.669632 1
-39332452651.40962 0
-51208776529.96278 1
-62649199771.69663 1
-73664318249.16844 0
-84264532655.37485 1
-94460051052.82086 0
-104260891436.39775 1
-113676883960.09607 0
-122717673628.61537 0
-131392722525.96776 1
-139711312407.20493 0
-147682547058.4313 0
-155315354610.29752 1
-162618490091.2004 0
-169600537805.4462 1
-176269913482.66528 0
-182634867058.7976 0
-188703484605.99905 1
-194483690936.85043 0
-199983251867.28308 1
-205209776423.6688 1
-210170719328.55487 1
-214873383112.55518 1
-219324920451.936 0
-223532336406.4626 0
-227502490628.09955 1
-231242099593.1872 0
-234757738853.74246 1
-238055844989.56122 0
-241142718102.82452 0
-244024523667.93243 1
-246707294780.31345 0
-249196934283.97806 1
-251499216701.60443 0
-253619790518.95923 0
-255564180007.47226 1
-257337787365.80035 1
-258945894713.2357 0
-260393666050.83337 1
-261686149183.15146 0
-262828277765.51483 1
-263824873044.7354 1
-264680645974.2443 0
-265400198933.61597 1
-265988027625.49078 0
-266448522958.92358 1
-266785972733.20557 1
-267004563690.22455 0
-267108382991.44653 1
-267101420108.61557 0
-266987568663.28568 0
-266770627935.31662 1
-266454304692.47827 0
-266042214857.3163 1
-265537885035.43784 1
-264944754408.3758 0
-264266176072.19644 1
-263505418755.01538 0
-262665668511.58792 1
-261750030014.13672 1
-260761528377.5769 0
-259703110492.2948 0
-258577646555.63028 1
-257387931647.21042 0
-256136687162.27982 1
-254826562135.1648 0
-253460134938.99628 1
-252039914345.80142 0
-250568341283.06018 0
-249047789961.8102 1
-247480569341.3727 0
-245868924513.7618 1
-244215037863.83087 1
-242521030621.2063 0
-240788963956.05325 0
-239020840311.7153 1
-237218604687.2678 1
-235384145957.02042 1
-233519297912.99774 0
-231625840620.42218 1
-229705501475.21844 1
-227759956620.55078 0
-225790831824.39917 1
-223799703770.17752 0
-221788101165.3966 1
-219757505780.36652 1
-217709353742.9312 0
-215645036318.22736 1
-213565901120.4633 0
-211473253271.7206 1
-209368356046.78955 1
-207252432354.05838 0
-205126665452.48242 0
-202992199854.66437 1
-200850142455.08282 1
-198701563429.5085 0
-196547497088.65182 1
-194388942794.09494 0
-192226865962.57114 1
-190062198716.66104 0
-187895841090.9828 0
-185728661350.96085 0
-183561497304.2633 1
-181395156877.00394 1
-179230418976.8125 0
-177068034166.8876 0
-174908725441.1576 1
-172753189080.68805 1
-170602095362.48514 1
-168456089136.85254 0
-166315790588.46756 0
-164181795900.34445 1
-162054678036.8547 0
-159934987307.97797 1
-157823251899.95935 0
-155719978704.54987 1
-153625653716.01187 0
-151540742867.07706 0
-149465692296.04584 1
-147400929155.22217 1
-145346862170.88174 0
-143303882040.97543 1
-141272361961.77332 1
-139252658310.65558 0
-137245111014.25653 1
-135250043881.16756 0
-133267765695.40555 1
-131298569644.85362 1
-129342734799.88177 1
-127400525998.35573 0
-125472194446.2433 0
-123557977963.03197 1
-121658101519.17293 0
-119772777889.76752 1
-117902207298.7114 0
-116046578878.51295 0
-114206069780.00139 1
-112380846558.13956 0
-110571065234.15775 1
-108776871097.22612 0
-106998399822.88458 1
-105235777233.44804 0
-103489120212.60095 1
-101758535783.3923 0
-100044123051.8391 1
-98345972112.3436 0
-96664165182.12549 1
-94998776248.86613 0
-93349871993.7582 1
-91717511331.15068 0
-90101746220.9748 1
-88502621462.13208 0
-86920175501.0242 1
-85354440037.40056 0
-83805440617.69817 1
-82273196539.04593 0
-80757721889.10321 1
-79259023986.89923 0
-77777105937.83707 0
-76311964702.0225 1
-74863592512.07524 0
-73431977033.57622 1
-72017100174.3019 0
-70618940682.39369 0
-69237471700.60786 1
-67872662548.78798 0
-66524478972.69854 1
-65192881710.35382 0
-63877829040.97224 1
-62579274173.682785 1
-61297167879.105 0
-60031457160.91991 1
-58782085446.54539 0
-57548993698.025085 1
-56332119252.23576 1
-55131397021.51478 1
-53946758788.80615 0
-52778133766.41977 0
-51625448603.49549 0
-50488627483.262566 0
-49367592222.18394 0
-48262262367.0741 0
-47172555289.27791 1
-46098386275.99691 1
-45039668651.84798 1
-43996313826.73843 0
-42968231306.1405 1
-41955328863.847595 1
-40957512712.293594 1
-39974687318.51522 1
-39006755778.835205 0
-38053619579.34153 1
-37115178977.235725 0
-36191332901.12102 0
-35281979008.29966 0
-34387013775.14721 0
-33506332557.630543 0
-32639829652.03438 0
-31787398352.959522 0
-30948931009.653824 0
-30124319080.734978 0
-29313453187.361767 0
-28516223164.908104 0
-27732518113.192257 0
-26962226445.311783 1
-26205235926.132652 0
-25461433754.47875 1
-24730706526.06533 1
-24012940391.21717 0
-23308021055.409733 1
-22615833699.669994 1
-21936263246.87181 0
-21269194202.958992 1
-20614510773.127438 0
-19972096951.99577 0
-19341836407.792473 1
-18723612701.58606 0
-18117309237.583107 1
-17522809202.516907 1
-16939995806.147703 0
-16368752127.893482 1
-15808961181.60851 0
-15260506074.52548 1
-14723269861.37579 1
-14197135705.701332 0
-13681986843.369965 1
-13177706538.305634 0
-12684178350.443106 0
-12201285843.916082 1
-11728912852.48627 0
-11266943446.219929 1
-10815261798.417532 0
-10373752502.801294 0
-9942300309.964306 1
-9520790296.084372 0
-9109107895.904821 1
-8707138807.9839 1
-8314769159.21356 0
-7931885436.607708 1
-7558374389.359232 0
-7194123369.16453 1
-6839020012.813699 0
-6492952483.04408 0
-6155809307.654393 1
-5827479497.876246 0
-5507852608.999304 0
-5196818601.245951 1
-4894267960.890934 1
-4600091732.621221 0
-4314181409.131169 1
-4036429002.947878 0
-3766727157.4813805 1
-3504968970.294348 0
-3251048128.58594 0
-3004858851.88452 1
-2766295919.9439654 1
-2535254749.8383403 0
-2311631268.249807 0
-2095321880.9448624 1
-1886223665.4342804 0
-1684234344.8124957 0
-1489252069.7725904 1
-1301175631.793545 1
-1119904421.4969869 0
-945338332.1712537 1
-777377803.461175 0
-615923976.2226326 1
-460878354.54167056 1
-312143148.91864514 0
-169621086.61871004 1
-33215293.190752745 1
97170417.8422761 0
221631733.11780024 1
340263984.3880584 1
453161782.288815 0
560419385.9156001 1
662130611.1996961 0
758388696.0750291 0
849286541.4260099 1
934916576.8052053 0
1015370755.9084654 1
1090740775.7938318 0
1161117766.8292246 1
1226592671.3525426 1
1287255964.026414 0
1343197805.868419 1
1394508183.9361792 0
1441276560.6451874 1
1483592354.6957057 0
1521544589.583437 1
1555222159.667031 1
1584713706.7637753 0
1610107704.2431004 1
1631492496.5857787 1
1648956247.3749285 0
1662587064.6830802 1
1672472996.817707 1
1678701935.3857398 0
1681361817.6356943 1
1680540608.0340867 0
1676326160.0308166 1
1668806565.9661555 1
1658069804.0699444 0
1644204030.501495 1
1627297609.3765712 0
1607438871.7257075 0
1584716511.3259907 1
1559219311.3462749 0
1531036278.7435985 0
1500256768.346332 1
1466970324.5573254 0
1431266787.6081214 1
1393236415.2929997 1
1352969708.1093264 0
1310557600.7283459 1
1266091425.718202 0
1219662856.4386306 1
1171364131.0244274 0
1121287782.3724408 1
1069526950.0443535 1
1016175161.9950185 0
961326495.0336232 1
905075603.9224081 1
847517506.0151005 0
788747897.3345594 1
728863069.9865365 0
667959673.8038063 1
606135123.1122112 0
543487259.5074587 0
480114579.5287852 0
416116118.1128435 1
351591495.70835733 0
286640802.92923546 1
221364853.6210227 0
155864811.21274328 1
90242526.22331476 1
24600267.788755417 0
-40959191.92657709 1
-106332559.57447815 0
-171416181.8659277 1
-236105913.35853052 0
-300297271.93734217 0
-363885414.1412835 1
-426765209.49059725 0
-488831291.9739542 0
-549978041.8569837 1
-610099691.9771752 0
-669090429.6934214 1
-726844363.6619205 1
-783255702.6137233 0
-838218712.3127646 1
-891627825.876749 0
-943377881.646802 1
-993363938.7953396 1
-1041481619.8651876 0
-1087627084.4365387 1
-1131697132.121975 0
-1173589450.0936937 0
-1213202531.3510542 1
-1250435973.940631 0
-1285190580.3451033 1
-1317368359.2615643 0
-1346872995.9939795 0
-1373609608.6887922 1
-1397485197.6469393 0
-1418408814.9499512 1
-1436291510.6422033 1
-1451046858.7159634 0
-1462590935.1505957 1
-1470842432.2622366 1
-1475723275.625166 1
-1477158482.8311758 1
-1475076546.3582468 0
-1469409671.8248768 0
-1460094007.9115314 1
-1447069994.235795 0
-1430282678.4730177 1
-1409681685.0196085 0
-1385222082.5016127 1
-1356864126.4369087 1
-1324574056.3650932 0
-1288324168.7649403 0
-1248093174.08535 1
-1203866724.2216702 0
-1155637774.775383 1
-1103406767.4412003 0
-1047182373.8718357 0
-986981631.3770256 1
-922830531.8196859 0
-854764521.0785208 1
-782828812.4528799 0
-707079093.3924198 1
-627581746.9409018 0
-544414789.2902555 1
-457667938.8480978 1
-367443572.2292185 1
-273857071.58888054 0
-177037494.7232666 1
-77128107.36987877 1
25712684.851629257 0
131311028.41008091 1
239476909.28904247 0
350002999.40499973 0
462664774.5457926 1
577218973.3495159 1
693403148.835928 0
810934949.9940453 0
929511274.9213543 1
1048807407.0015821 0
1168475934.5993204 0
1288146372.740964 1
1407423887.2425299 0
1525888229.7358923 0
1643093267.0357428 0
