5.617327334368687e+16 1
5.640843985165982e+16 0
5.661250678275195e+16 1
5.6786464496163176e+16 0
5.693128106500283e+16 1
5.704790267331068e+16 1
5.713725400769158e+16 0
5.720023864359549e+16 1
5.723773942627194e+16 1
5.725061884643254e+16 0
5.7239719410662584e+16 1
5.720586400661716e+16 0
5.714985626304375e+16 1
5.7072480904674824e+16 1
5.6974504102029816e+16 0
5.685667381617581e+16 1
5.6719720138487256e+16 0
5.656435562544973e+16 1
5.639127562855351e+16 1
5.62011586193163e+16 0
5.5994666509481704e+16 1
5.577244496643587e+16 0
5.5535123723884456e+16 0
5.528331688783958e+16 1
5.5017623237956696e+16 0
5.473862652426915e+16 1
5.4446895759365704e+16 1
5.414298550605351e+16 0
5.382743616055763e+16 1
5.350077423129999e+16 0
5.316351261330395e+16 1
5.281615085827129e+16 1
5.24591754403702e+16 0
5.209306001778019e+16 1
5.1718265690034456e+16 0
5.1335241251199e+16 1
5.094442343893534e+16 1
5.054623717948354e+16 0
5.014109582861124e+16 1
4.9729401408568136e+16 1
4.931154484108403e+16 0
4.888790617645501e+16 1
4.845885481875563e+16 0
4.802474974721857e+16 1
4.758593973382881e+16 1
4.714276355717076e+16 0
4.669555021257914e+16 1
4.624461911863642e+16 0
4.579028032006278e+16 0
4.5332834687050024e+16 1
4.487257411108086e+16 0
4.440978169728702e+16 1
4.394473195339228e+16 1
4.3477690975287176e+16 0
4.300891662928933e+16 1
4.253865873113654e+16 0
4.206715922176498e+16 1
4.1594652339927864e+16 1
4.1121364791701064e+16 0
4.0647515916931896e+16 1
4.0173317852681e+16 0
3.969897569370392e+16 0
3.922468765003074e+16 1
3.875064520168605e+16 0
3.827703325060292e+16 1
3.7804030269780296e+16 1
3.733180844972797e+16 0
3.686053384225126e+16 1
3.639036650161875e+16 0
3.592146062315897e+16 0
3.5453964679335656e+16 1
3.4988021553341628e+16 0
3.452376867025876e+16 1
3.4061338125826492e+16 0
3.3600856812858164e+16 0
3.3142446545351196e+16 1
3.2686224180326212e+16 0
3.2232301737436564e+16 1
3.178078651638746e+16 1
3.1331781212198364e+16 0
3.0885384028349856e+16 1
3.0441688787848348e+16 0
3.0000785042242504e+16 1
2.9562758178631476e+16 1
2.9127689524691644e+16 0
2.8695656451759996e+16 1
2.8266732476004676e+16 0
2.7840987357712064e+16 0
2.7418487198726348e+16 1
2.699929453806784e+16 0
2.6583468445762744e+16 1
2.6171064614915332e+16 1
2.57621354520473e+16 0
2.5356730165735676e+16 0
2.4954894853572332e+16 1
2.455667258746953e+16 1
2.416210349733646e+16 1
2.377122485314878e+16 0
2.3384071145433956e+16 1
2.3000674164195604e+16 0
2.262106307629917e+16 1
2.2245264501345224e+16 1
2.187330258604984e+16 0
2.1505199077157304e+16 1
2.1140973392906892e+16 1
2.0780642693073084e+16 0
2.0424221947605388e+16 1
2.0071724003885564e+16 0
1.972315965262466e+16 0
1.9378537692422324e+16 1
1.9037864993004296e+16 0
1.870114655716157e+16 1
1.8368385581408496e+16 1
1.8039583515375644e+16 0
1.7714740119960036e+16 1
1.7393853524245144e+16 0
1.7076920281209674e+16 1
1.6763935422244238e+16 1
1.6454892510487204e+16 0
1.6149783693002676e+16 1
1.5848599751812582e+16 0
1.5551330153800688e+16 1
1.5257963099507678e+16 1
1.4968485570829146e+16 0
1.4682883377637172e+16 1
1.4401141203338022e+16 0
1.4123242649382962e+16 1
1.3849170278748292e+16 1
1.3578905658397888e+16 0
1.3312429400745512e+16 1
1.3049721204131676e+16 1
1.2790759892329062e+16 0
1.253552345309601e+16 1
1.2283989075789276e+16 0
1.2036133188053246e+16 0
1.1791931491600782e+16 1
1.1551358997098336e+16 0
1.1314390058169984e+16 1
1.1080998404535652e+16 1
1.0851157174292148e+16 0
1.062483894535591e+16 1
1.040201576607947e+16 0
1.0182659185049146e+16 0
9966740280090118.0 1
9754229686479098.0 0
9545097624386770.0 1
9339313925563480.0 0
9136848059274942.0 1
8937669157512381.0 1
8741746039480950.0 0
8549047235387028.0 1
8359541009534259.0 1
8173195382741653.0 0
7989978154100667.0 1
7809856922079935.0 0
7632799104992669.0 1
7458771960842453.0 0
7287742606554990.0 0
7119678036614272.0 0
6954545141111176.0 1
6792310723220310.0 0
6632941516116030.0 1
6476404199341340.0 0
6322665414639750.0 1
6171691781265696.0 1
6023449910782368.0 0
5877906421361156.0 1
5735027951593013.0 0
5594781173822714.0 1
5457132807019138.0 1
5322049629189019.0 0
5189498489348401.0 1
5059446319060428.0 0
4931860143548328.0 0
4806707092397786.0 1
4683954409853278.0 0
4563569464721334.0 1
4445519759890112.5 1
4329772941471664.0 0
4216296807580574.5 1
4105059316754366.5 0
3996028596025056.0 1
3889172948653238.5 1
3784460861528600.5 0
3681861012249152.0 1
3581342275885449.5 0
3482873731436172.5 0
3386424667986772.0 1
3291964590573481.5 0
3199463225763023.0 1
3108890526955088.0 1
3020216679410655.0 0
2933412105017654.5 1
2848447466797181.0 0
2765293673155772.5 1
2683921881894318.5 1
2604303503974250.0 0
2526410207051344.5 1
2450213918782134.5 0
2375686829906544.0 0
2302801397118086.5 1
2231530345721941.0 0
2161846672089797.2 1
2093723645917957.0 1
2027134812290010.8 0
1962053993554928.5 1
1898455291022064.5 0
1836313086478486.5 1
1775602043536610.2 1
1716297108812819.2 0
1658373512945485.2 1
1601806771455916.5 1
1546572685454900.5 0
1492647342203241.8 1
1440007115527464.0 0
1388628666095378.5 1
1338488941558187.8 1
1289565176558896.0 0
1241834892615930.8 1
1195275897882282.5 1
1149866286784710.0 0
1105584439549148.6 1
1062409021612882.1 0
1020318982928745.5 1
979293557166528.6 1
939312260810865.8 0
900354892165144.5 1
862401530259754.0 0
825432533670206.0 1
789428539250690.0 1
754370460781057.9 0
720239487536584.2 1
687017082779704.0 0
654684982177018.0 1
623225192148165.0 1
592619988144299.4 0
562851912863589.6 1
533903774405466.4 0
505758644363631.1 0
478399855866539.44 1
451811001562494.6 0
425975931554966.1 0
400878751291795.0 1
376503819407803.56 0
352835745526354.3 1
329859388022220.94 0
307559851744853.1 0
285922485710576.25 1
264932880760041.34 0
244576867186946.4 1
224840512340190.38 1
205710118198689.9 0
187172218924992.06 1
169213578397424.56 0
151821187721856.22 1
134982262729233.31 1
118684241454773.05 0
102914781606338.08 1
87661758020510.11 0
72913260107799.3 1
58657589292437.47 1
44883256442602.59 0
31578979297919.203 1
18733679893565.164 1
6336481980730.32 0
-5623291550892.719 1
-17156121250871.004 0
-28272293684154.152 1
-38981904001499.53 1
-49294858507125.37 0
-59220877218928.766 1
-68769496421366.38 0
-77950071211540.25 0
-86771778033289.11 1
-95243617202977.4 0
-103374415422906.7 1
-111172828281531.86 1
-118647342742423.86 0
-125806279616593.06 1
-132657796021227.39 0
-139209887823036.94 1
-145470392063043.97 1
-151446989366934.22 0
-157147206335055.94 1
-162578417915061.25 0
-167747849756287.66 0
-172662580542298.5 1
-177329544305611.12 0
-181755532720571.72 1
-185947197374864.6 1
-189911052021254.28 0
-193653474805325.4 1
-197180710472247.22 0
-200498872551459.28 1
-203613945516613.0 1
-206531786924853.56 0
-209258129530885.62 1
-211798583377681.78 0
-214158637865090.62 0
-216343663791772.25 1
-218358915375479.47 0
-220209532247993.56 1
-221900541425046.7 1
-223436859254033.53 0
-224823293334464.1 1
-226064544415637.75 0
-227165208269756.94 1
-228129777538494.25 1
-228962643557515.2 0
-229668098154202.34 1
-230250335421113.06 0
-230713453466520.94 0
-231061456137535.4 1
-231298254721278.34 0
-231427669620825.66 1
-231453432005910.88 1
-231379185442047.9 0
-231208487493005.3 1
-230944811301033.28 0
-230591547144137.5 1
-230152003967760.78 1
-229629410895902.94 0
-229026918717452.78 1
-228347601350093.2 0
-227594457282930.78 0
-226770410994662.8 1
-225878314351575.4 0
-224920947983183.62 1
-223901022635056.12 1
-222821180502927.5 0
-221683996543281.47 1
-220491979764230.56 0
-219247574496906.4 0
-217953161644211.47 1
-216611059912462.9 0
-215223527021698.28 1
-213792760896293.56 0
-212320900838998.25 0
-210810028682897.28 1
-209262169927446.6 0
-207679294855596.75 1
-206063319632136.4 1
-204416107386253.16 0
-202739469274996.0 1
-201035165530483.9 0
-199304906490974.03 0
-197550353613672.4 1
-195773120473236.6 0
-193974773743470.94 1
-192156834162507.53 0
-190320777484669.06 0
-188468035415047.78 1
-186599996530559.9 0
-184718007186426.53 1
-182823372406827.0 0
-180917356764639.4 0
-179001185243486.84 1
-177076044089491.78 0
-175143081648453.56 1
-173203409189201.34 1
-171258101716018.16 0
-169308198766608.84 1
-167354705198165.72 1
-165398591962264.0 0
-163440796865696.94 1
-161482225320730.25 0
-159523751083382.7 1
-157566216978791.97 0
-155610435617848.56 0
-153657190098236.84 1
-151707234697817.66 0
-149761295555615.9 1
-147820071339843.66 1
-145884233908011.66 0
-143954428953683.7 1
-142031276642800.22 0
-140115372240824.06 1
-138207286726156.89 1
-136307567396182.94 0
-134416738460641.02 1
-132535301625176.98 1
-130663736665247.19 0
-128802501989017.98 1
-126952035190343.27 0
-125112753592548.84 0
-123285054780897.89 1
-121469317126965.12 0
-119665900302319.97 1
-117875145782729.28 1
-116097377343924.67 0
-114332901546573.11 1
-112582008213168.38 0
-110844970896006.75 1
-109122047334162.72 1
-107413479905026.67 0
-105719496063372.0 1
-104040308773917.08 0
-102376116935089.4 1
-100727105792968.19 1
-99093447348452.9 0
-97475300754807.11 1
-95872812707244.69 1
-94286117825012.48 0
-92715339024187.7 1
-91160587883158.92 0
-89621965000441.36 1
-88099560343453.47 1
-86593453591578.19 0
-85103714469495.55 1
-83630403073688.84 1
-82173570192821.08 0
-80733257618476.9 1
-79309498450421.53 0
-77902317394702.81 1
-76511731053335.5 1
-75137748209137.28 0
-73780370102163.16 1
-72439590700230.12 0
-71115396963475.11 1
-69807769100815.484 1
-68516680822285.78 0
-67242099583408.586 1
-65983986823944.875 0
-64742298201801.24 0
-63516983818871.7 1
-62307988443136.984 0
-61115251724136.24 1
-59938708402290.516 1
-58778288514670.64 0
-57633917593046.86 1
-56505516858243.17 0
-55393003409319.5 1
-54296290406379.82 1
-53215287250471.09 0
-52149899756916.586 1
-51100030324404.78 0
-50065578100625.76 0
-49046439141275.336 1
-48042506566547.51 0
-47053670712749.33 1
-46079819278454.55 1
-45120837469157.74 0
-44176608135211.45 1
-43247011907284.88 0
-42331927328441.09 1
-41431230980402.14 1
-40544797608748.79 0
-39672500242514.766 1
-38814210310703.914 0
-37969797756751.15 0
-37139131147048.39 1
-36322077778648.984 0
-35518503782507.73 1
-34728274222836.75 1
-33951253195805.75 0
-33187303922293.38 1
-32436288839498.164 0
-31698069689628.895 1
-30972507604199.656 1
-30259463187798.94 0
-29558796597289.61 1
-28870367618731.113 0
-28194035743203.168 1
-27529660237275.484 1
-26877100213911.61 0
-26236214699083.484 1
-25606862696230.766 1
-24988903249748.062 0
-24382195504370.86 1
-23786598763409.598 0
-23201972545306.2 1
-22628176636467.895 1
-22065071144086.848 0
-21512516545373.926 1
-20970373735369.7 0
-20438504073853.824 0
-19916769428426.254 1
-19405032217487.723 0
-18903155451329.46 1
-18411002769539.39 1
-17928438480447.75 0
-17455327595157.117 1
-16991535862031.84 1
-16536929799990.129 0
-16091376728507.406 1
-15654744797798.074 0
-15226903017074.254 1
-14807721280792.21 0
-14397070394912.738 0
-13994822100165.486 1
-13600849095287.926 0
-13215025058929.242 1
-12837224669254.984 1
-12467323623862.791 0
-12105198657560.736 1
-11750727558980.928 0
-11403789187443.203 0
-11064263486513.19 1
-10732031498798.543 0
-10406975378527.709 1
-10088978402752.008 0
-9777924983559.49 0
-9473700676929.363 1
-9176192192476.104 0
-8885287402070.639 1
-8600875346329.337 1
-8322846242636.996 0
-8051091490279.553 1
-7785503675588.548 0
-7525976577438.711 1
-7272405169586.406 1
-7024685625195.104 0
-6782715318721.301 1
-6546392827484.497 0
-6315617933970.106 0
-6090291625421.605 1
-5870316094568.541 0
-5655594739487.339 1
-5446032161719.232 1
-5241534166022.131 0
-5042007757704.872 1
-4847361140064.928 0
-4657503712619.315 1
-4472346066330.246 1
-4291799981125.779 0
-4115778421381.576 1
-3944195530716.668 1
-3776966628567.9146 0
-3614008203585.582 1
-3455237908611.13 0
-3300574555150.054 1
-3149938106033.373 1
-3003249670222.0596 0
-2860431495069.438 1
-2721406959197.2207 0
-2586100566105.4746 0
-2454437935230.4663 1
-2326345795169.0244 0
-2201751975305.7354 1
-2080585396906.9163 1
-1962776065997.989 0
-1848255063433.5564 1
-1736954536496.1426 0
-1628807690483.2666 1
-1523748778315.2046 1
-1421713092654.5073 0
-1322636955493.0413 1
-1226457708584.046 0
-1133113704717.4302 1
-1042544296670.2673 1
-954689828315.1625 0
-869491624307.912 1
-786891979458.6317 1
-706834149970.2908 0
-629262341830.3474 1
-554121701120.9467 0
-481358304327.9103 1
-410919146483.52954 1
-342752132548.9455 0
-276806065680.6637 1
-213030637037.52002 0
-151376416107.19064 0
-91794839026.12556 1
-34238198946.574543 0
21340364541.829292 1
74986876714.66466 1
126746536726.43011 0
176663729492.49066 1
224782035571.57724 0
271144241006.33908 1
315792349194.62964 1
358767589595.38513 0
400110429133.1346 1
439860582521.3533 0
478057021561.0443 1
514737986649.10065 1
549940995876.1552 0
583702855599.7751 1
616059670954.0118 1
647046854545.4635 0
676699137799.1385 1
705050580255.5244 0
732134578879.3857 1
757983879022.9414 1
782630582710.2072 0
806106159175.4338 1
828441454503.7134 0
849666699879.9847 0
869811522539.825 1
888904954047.546 0
906975439613.2391 1
924050847902.5204 1
940158478964.8273 0
955325074151.2048 1
969576825004.6176 0
982939380985.9172 1
995437859656.6825 1
1007096854185.2319 0
1017940442349.1836 1
1027992195249.9956 0
1037275184641.9763 0
1045811992855.2981 1
1053624719411.595 0
1060734989750.748 1
1067163963752.4812 0
1072932342537.4236 0
1078060377297.3278 1
1082567876548.1781 0
1086474213616.9539 1
1089798334921.8422 1
1092558766464.7225 0
1094773621749.7493 1
1096460609368.8645 0
1097637039139.0803 0
1098319830492.3812 1
1098525518485.1115 0
1098270260851.7168 1
1097569845708.7386 0
1096439696625.002 0
1094894880990.9954 1
1092950115497.4906 0
1090619772585.5175 1
1087917887577.8708 1
1084858163850.3943 0
1081453979637.3605 1
1077718394695.3357 1
1073664154701.9923 0
1069303698474.4108 1
1064649163482.4817 0
1059712390957.0691 1
1054504932750.6599 1
1049038055378.2715 0
1043322746093.4241 1
1037369719619.0243 0
1031189420285.0305 0
1024792030760.804 1
1018187474702.0665 0
1011385422258.4071 1
1004395296459.3263 1
997226275565.8385 0
989887300273.6768 1
982387077272.1659 0
974734083300.8297 1
966936571674.7755 0
959002573775.8829 1
950939906777.8184 0
942756175298.897 1
934458777485.8232 1
926054907870.3353 0
917551562361.7887 1
908955542153.7266 1
900273457056.4965 0
891511730307.9647 1
882676602090.3762 0
873774132793.3987 0
864810207674.3701 0
855790539881.7495 1
846720674176.7535 0
837605990208.1407 1
828451706911.081 0
819262884595.0303 1
810044429631.5244 1
800801096569.7976 0
791537491958.1079 1
782258078339.6383 0
772967175256.8207 1
763668964624.9044 1
754367492273.5681 0
745066671528.3292 1
735770286090.4846 1
726481992634.2974 0
717205323915.1309 1
707943691759.222 0
698700388812.793 1
689478592635.202 1
680281367051.8568 0
671111665390.6268 1
661972333258.4933 1
652866110078.1617 0
643795632577.352 1
634763436705.4702 0
625771959691.3513 1
616823543311.7384 1
607920434901.1388 0
599064790604.6682 1
590258677476.4507 0
581504074723.1011 1
572802877212.7977 1
564156896237.4481 0
555567862385.4471 1
547037427575.5234 0
538567165987.168 0
530158577553.1388 1
521813088688.5337 0
513532054216.93665 1
505316760170.14813 1
497168424103.0126 0
489088198118.8487 1
481077170081.9904 0
473136364855.9375 1
465266746976.60596 1
457469221204.16376 0
449744634888.91846 1
442093779394.7104 0
434517390808.25366 0
427016152749.8536 1
419590696907.91943 0
412241604482.69244 1
404969408495.6101 1
397774593910.7231 0
390657599706.57446 1
383618820428.9483 0
376658606478.8955 0
369777266690.4461 1
362975068458.418 0
356252239255.7382 1
349608968622.699 1
343045407908.5773 0
336561672473.0453 1
330157842587.7938 0
323833963891.7789 1
317590049715.4982 1
311426080560.70844 0
305342006238.99066 1
299337746998.5756 0
293413193048.84106 1
287568207384.8939 1
281802625237.6508 0
276116255595.83545 1
270508882591.31787 0
264980264822.22427 0
259530138128.24274 1
254158214986.54642 0
248864185651.75174 1
243647719780.324 1
238508465614.8269 0
233446052074.39603 1
228460089222.8049 1
223550168240.48392 0
218715863134.85 1
213956730998.30252 0
209272311986.23984 1
204662131670.44778 0
200125699585.20804 0
195662511513.47427 1
191272049321.45865 0
186953781363.9645 1
182707164222.798 1
178531641386.58563 0
174426645531.31854 1
170391598426.93317 0
166425910830.22708 1
162528984221.4017 1
158700210285.52054 0
154938971803.16794 1
151244643399.59235 1
147616591344.616 0
144054174548.58795 1
140556744975.6493 0
137123647485.56903 1
133754221365.39796 1
130447799515.1764 0
127203709557.92162 1
124021274593.11073 0
120899812215.86601 0
117838636518.0399 1
114837057394.38948 0
111894381036.02321 1
109009911031.2958 1
106182947415.32158 0
103412788160.27162 1
100698729150.61389 0
98040063876.44868 1
95436084989.08643 1
92886083271.0092 0
90389348767.35313 1
87945171229.0443 0
85552839205.71654 0
83211641981.53598 1
80920868506.05283 0
78679808005.19728 1
76487751065.5338 1
74343988331.88452 0
72247812107.42952 1
70198516091.38832 0
68195395153.38515 1
66237746621.598816 1
64324869294.79824 0
62456064412.364624 1
60630636027.400475 0
58847890117.024254 0
57107136152.94881 1
55407686320.44019 0
53748855831.750854 1
52129963944.11923 1
50550332584.42569 0
49009287956.5927 1
47506160111.81575 0
46040282743.70964 1
44610994257.45229 1
43217636823.00603 0
41859557330.4943 1
40536107478.81085 0
39246643096.53676 0
37990525384.239586 1
36767120299.22714 0
35575798590.82744 1
34415936929.26561 0
33286916368.2082 0
32188123961.043774 1
31118952190.967842 0
30078798691.93884 1
29067067448.571087 1
28083167586.029846 0
27126514292.992985 1
26196529041.743538 0
25292638511.457462 0
24414276149.75117 1
23560881305.553673 0
22731899224.36839 1
21926782074.990147 1
21144987553.74288 0
20385980213.30369 1
19649231107.178585 0
18934217096.89533 1
18240422435.978905 1
17567337211.774902 0
16914458261.185715 1
16281289459.38393 0
15667340589.56666 0
15072128688.814268 1
14495177358.11694 0
13936016531.632565 1
13394183608.239374 1
12869221998.446817 0
12360682268.728184 1
11868121891.338568 0
11391104626.681753 1
10929201640.289389 1
10481990423.475677 0
10049055343.730806 1
9629988011.916132 0
9224386123.323809 0
8831854757.662874 1
8452005574.032846 0
8084456785.945059 1
7728833982.4509945 1
7384768811.436002 0
7051900023.135915 1
6729873325.933165 0
6418340519.488147 1
6116960796.260773 1
5825399517.476507 0
5543328769.590619 1
5270427806.303636 0
5006381534.180066 0
4750882283.921531 1
4503628638.344526 0
4264325405.11205 1
4032684649.26719 1
3808424033.6157017 0
3591268134.003457 1
3380948084.533499 0
3177200780.76624 0
2979770172.9452143 1
2788406064.2895126 0
2602864358.392748 1
2422907845.767043 0
2248304756.5692425 0
2078830024.5451686 1
1914264449.22633 0
1754394732.4120457 1
1599014083.9684553 1
1447921213.9744046 0
1300920894.2427216 1
1157824136.2438786 0
1018447188.457447 0
882612701.175098 1
750148900.777216 0
620889193.5035079 1
494673930.7362654 1
371347560.8131435 0
250761093.3844719 1
132771196.32826757 0
17238962.23424101 1
-95967588.53386116 0
-206976555.190279 0
-315909604.28846836 1
-422883305.88848925 0
-528009741.12968636 1
-631394662.2100239 1
-733139442.7756429 0
-833340332.7264295 1
-932087958.4456129 0
-1029468796.4637628 0
-1125563689.5700326 1
-1220448910.3860202 0
-1314196023.420198 1
-1406871274.6234736 0
-1498537008.4691153 0
-1589250177.5829387 1
-1679063305.952342 0
-1768024811.7455506 1
-1856177821.7752252 1
-1943561738.6434846 0
-2030211243.6083207 1
-2116156536.2144008 0
-2201424008.7343855 0
-2286035391.4701796 1
-2370008449.966849 0
-2453357117.195318 1
-2536090638.7635074 1
-2618215099.219148 0
-2699732235.5110946 1
-2780639763.6794534 0
-2860932339.8485646 1
-2940600140.60061 1
-3019630310.8113174 0
-3098006396.032992 1
-3175707726.5139313 1
-3252711396.9471035 0
-3328990422.0447435 1
-3404514688.0395136 0
-3479251104.216807 1
-3553163196.5868526 0
-3626212298.809362 0
-3698355669.487611 1
-3769548412.9529934 1
-3839743052.6653214 0
-3908889357.3584394 1
-3976934283.0649424 0
-4043822868.158085 1
-4109497272.5532837 0
-4173898166.215708 0
-4236963385.1245394 1
-4298629179.848598 0
-4358830113.892138 0
-4417498505.973869 1
-4474565476.406243 0
-4529960718.746039 1
-4583611987.8911495 0
-4635446906.80248 1
-4685390925.033949 0
-4733369341.25775 0
-4779306250.976256 1
-4823125304.616447 0
-4864750213.207211 0
-4904103704.844443 1
-4941108759.153519 0
-4975688708.963377 1
-5007766643.41129 1
-5037266764.70219 0
-5064113698.751203 1
-5088232737.942939 0
-5109550907.246116 0
-5127996009.927016 1
-5143497804.110279 0
-5155987967.440726 1
-5165399759.105368 1
-5171669493.4801235 0
-5174735652.671268 1
-5174539617.227022 0
-5171026366.300197 1
-5164143710.548198 1
-5153843901.06212 0
-5140083041.622318 1
-5122821363.583471 0
-5102024502.697857 0
-5077662669.19126 1
-5049711823.411805 0
-5018153977.377776 1
-4982976751.556313 1
-4944175187.210433 0
-4901750911.657466 1
-4855713037.787258 0
-4806078954.194135 1
-4752873860.282239 1
-4696132376.709735 0
-4635898196.543197 1
-4572224524.499371 0
-4505175585.657257 0
-4434825813.029381 1
-4361261312.387127 0
-4284580361.7411404 1
-4204893107.8838835 1
-4122323696.407611 0
-4037009430.6173534 1
-3949102020.765006 0
-3858768675.0372458 1
-3766191568.736615 1
-3671569961.101941 0
-3575119906.2209024 1
-3477074945.494254 0
-3377687951.118062 0
-3277230445.0574446 1
-3175994420.992587 0
-3074292919.725319 1
-2972460415.5421658 0
-2870854428.037737 0
-2769855778.9102745 0
