-1064842546969527.5 1
-1100091549006127.8 0
-1133649573382874.2 1
-1165561851741732.0 0
-1195872711492660.8 1
-1224625588903278.5 0
-1251863042124838.2 0
-1277626764143953.0 1
-1301957595663115.2 0
-1324895537904436.8 1
-1346479765332068.0 0
-1366748638295343.8 1
-1385739715585218.5 0
-1403489766905056.8 1
-1420034785250980.0 0
-1435409999201085.2 1
-1449649885109814.2 0
-1462788179207127.8 1
-1474857889597428.8 1
-1485891308160276.2 0
-1495920022346057.5 1
-1504974926868531.8 1
-1513086235290553.5 1
-1520283491500669.2 0
-1526595581080099.0 0
-1532050742557130.0 1
-1536676578548440.2 1
-1540500066784621.8 0
-1543547571019095.2 1
-1545844851818680.5 0
-1547417077235164.0 1
-1548288833355414.2 0
-1548484134730334.8 0
-1548026434680259.5 1
-1546938635476874.5 1
-1545243098400226.5 0
-1542961653669725.2 1
-1540115610249080.5 0
-1536725765524445.2 1
-1532812414853961.5 0
-1528395360990525.8 0
-1523493923375110.8 1
-1518126947301976.5 0
-1512312812955023.5 0
-1506069444314575.8 1
-1499414317936359.8 0
-1492364471601152.2 1
-1484936512835910.0 1
-1477146627307666.2 0
-1469010587088908.5 1
-1460543758796409.0 0
-1451761111604118.2 0
-1442677225129283.0 1
-1433306297194694.2 0
-1423662151466518.0 1
-1413758244968722.8 1
-1403607675476532.5 0
-1393223188787714.5 1
-1382617185874863.2 1
-1371801729919004.0 0
-1360788553225509.2 1
-1349589064023775.8 0
-1338214353152627.5 0
-1326675200631119.8 1
-1314982082117753.5 0
-1303145175258462.5 0
-1291174365924437.8 0
-1279079254342198.5 0
-1266869161116315.2 1
-1254553133146568.0 0
-1242139949441147.8 1
-1229638126826993.5 0
-1217055925560258.5 1
-1204401354836086.8 0
-1191682178203066.5 0
-1178905918880076.5 1
-1166079864980652.0 0
-1153211074644829.0 1
-1140306381080026.5 0
-1127372397515081.0 0
-1114415522064956.4 1
-1101441942512643.0 0
-1088457641007182.8 0
-1075468398677158.8 1
-1062479800167877.5 0
-1049497238096559.0 0
-1036525917429906.2 1
-1023570859787203.9 0
-1010636907666465.0 0
-997728728596948.1 1
-984850819219459.8 1
-972007509294999.8 0
-959202965641939.1 1
-946441196004703.6 0
-933726052853862.8 1
-921061237118304.6 0
-908450301852346.5 0
-895896655834558.2 1
-883403567105460.4 0
-870974166439646.2 1
-858611450753593.4 0
-846318286456011.4 1
-834097412731663.2 1
-821951444769966.6 0
-809882876930539.6 1
-797894085851572.5 1
-785987333501276.0 0
-774164770170708.8 0
-762428437410025.6 0
-750780270910172.9 1
-739222103328015.9 0
-727755667057549.0 0
-716382596945591.1 1
-705104432955761.9 0
-693922622778631.1 1
-682838524387794.5 0
-671853408548265.2 0
-660968461268899.8 1
-650184786208405.5 0
-639503407029392.8 1
-628925269703786.1 0
-618451244771026.5 0
-608082129546627.9 1
-597818650286290.5 0
-587661464302880.0 1
-577611162037004.8 1
-567668269086186.2 0
-557833248187927.8 0
-548106501160573.25 1
-538488370803323.8 0
-528979142754176.25 1
-519579047307345.6 0
-510288261192329.1 1
-501106909312612.7 1
-492035066447858.5 0
-483072758917914.56 1
-474219966210442.3 1
-465476622573294.2 0
-456842618571145.5 1
-448317802608011.75 0
-439901982416295.75 1
-431594926512228.56 1
-423396365619811.6 0
-415305994062076.3 1
-407323471121567.7 0
-399448422370805.75 1
-391680440971204.5 1
-384019088944320.06 0
-376463898412306.7 1
-369014372810750.4 0
-361669988073165.25 1
-354430193787242.5 0
-347294414324295.6 1
-340262049941071.4 1
-333332477855525.3 0
-326505053295810.3 0
-319779110523466.8 1
-313153963831655.7 0
-306628908517806.6 1
-300203221830952.2 1
-293876163896683.06 0
-287646978616266.9 1
-281514894542986.25 0
-275479125735957.4 0
-269538872589986.4 1
-263693322644025.25 0
-257941651367259.78 1
-252283022923161.0 1
-246716590913015.88 0
-241241499097676.9 1
-235856882099140.1 0
-230561866081962.47 0
-225355569414286.34 1
-220237103310046.03 0
-215205572451539.0 1
-210260075593007.6 0
-205399706146725.72 0
-200623552749718.66 1
-195930699813978.84 0
-191320228058602.84 1
-186791215024994.94 0
-182342735576035.34 0
-177973862378140.06 1
-173683666368197.8 0
-169471217204617.16 1
-165335583703040.9 1
-161275834257916.78 0
-157291037248994.97 1
-153380261433927.66 0
-149542576327746.88 1
-145777052568062.06 1
-142082762268154.72 0
-138458779356766.1 1
-134904179905873.19 0
-131418042446496.86 0
-127999448272434.56 1
-124647481732981.02 0
-121361230514551.4 1
-118139785910689.47 0
-114982243083052.11 0
-111887701310400.56 1
-108855264228879.23 0
-105884040062117.9 1
-102973141841529.14 1
-100121687618000.38 0
-97328800664150.17 1
-94593609667695.28 0
-91915248917106.55 0
-89292858477586.28 1
-86725584360265.98 0
-84212578682654.56 1
-81752999821471.88 1
-79346012558311.98 0
-76990788217429.94 1
-74686504796400.6 0
-72432347090570.2 1
-70227506809055.24 1
-68071182685797.98 0
-65962580582931.84 1
-63900913588031.1 0
-61885402105895.14 1
-59915273942873.26 1
-57989764386999.37 0
-56108116280885.52 0
-54269580090021.836 0
-52473413965337.016 1
-50718883800445.44 1
-49005263283787.79 0
-47331833945632.664 1
-45697885200331.766 0
-44102714384178.23 0
-42545626787631.9 1
-41025935684375.28 1
-39542962355148.516 0
-38096036107318.91 1
-36684494290719.13 0
-35307682309785.38 1
-33964953630737.75 1
-32655669786236.316 0
-31379200375564.46 1
-30134923061391.246 0
-28922223563880.12 1
-27740495649921.8 0
-26589141121427.734 1
-25467569798058.562 0
-24375199499034.535 1
-23311456020406.953 0
-22275773111249.9 1
-21267592445024.91 0
-20286363591155.496 1
-19331543980663.39 0
-18402598873390.38 0
-17499001319001.408 1
-16620232118429.006 0
-15765779782606.963 0
-14935140488074.328 1
-14127818032059.982 1
-13343323785363.018 0
-12581176642369.242 1
-11840902970528.293 0
-11122036558410.025 1
-10424118560401.213 1
-9746697442315.824 1
-9089328923745.31 0
-8451575919881.586 0
-7833008481787.699 1
-7233203735709.6045 1
-6651745821176.804 0
-6088225827801.134 1
-5542241730941.693 0
-5013398327183.654 1
-4501307167874.479 1
-4005586492832.8936 1
-3525861162320.779 1
-3061762588932.9087 0
-2612928668542.2573 1
-2179003710641.3386 1
-1759638368395.8179 0
-1354489567759.4365 1
-963220436051.1187 1
-585500230897.0167 0
-221004267898.16928 1
130586151739.66547 0
469583813316.5448 1
796295662160.9022 1
1111022875944.894 0
1414060938260.3984 1
1705699711855.6526 0
1986223511728.6472 1
2255911178866.5186 1
2515036153209.291 0
2763866547294.4556 1
3002665219591.9966 0
3231689847084.6025 0
3451192998906.9146 1
3661422208771.786 0
3862620047677.6865 1
4055024196319.4775 0
4238867517048.855 0
4414378126047.812 1
4581779464377.526 0
4741290369229.186 1
4893125144995.358 1
5037493633262.755 0
5174601282944.33 1
5304649219989.736 0
5427834315952.153 0
5544349257178.598 1
5654382612547.772 0
5758118900971.399 1
5855738659018.756 1
5947418506541.8545 0
6033331213517.313 1
6113645765085.544 0
6188527425959.399 1
6258137805456.938 0
6322634920354.398 1
6382173258328.917 0
6436903839974.971 1
6486974280744.061 0
6532528851792.7295 1
6573708540602.586 0
6610651110116.56 0
6643491158407.219 1
6672360176658.596 0
6697386606358.547 1
6718695897229.28 1
6736410562151.236 0
6750650233458.105 1
6761531717375.329 0
6769169047850.96 0
6773673540141.374 1
6775153842921.084 0
6773715990152.646 1
6769463452265.432 0
6762497185960.773 0
6752915684359.593 1
6740815025092.156 0
6726288918518.234 1
6709428755279.493 0
6690323652035.477 0
6669060498085.038 1
6645723999846.613 0
6620396724804.222 1
6593159146203.538 1
6564089684162.7705 0
6533264748984.424 1
6500758782438.388 1
6466644297310.223 0
6430991918391.914 0
6393870421151.878 1
6355346770288.541 0
6315486157303.286 1
6274352038267.034 0
6232006168673.244 1
6188508641721.576 0
6143917920190.9 1
6098290873975.692 0
6051682811111.294 1
6004147512876.789 0
5955737265109.451 1
5906502891084.9375 1
5856493781544.551 0
5805757925987.037 1
5754341943610.541 0
5702291110771.497 0
5649649391995.306 0
5596459467175.654 1
5542762759776.366 0
5488599463829.557 1
5434008571591.775 1
5379027898634.742 0
5323694110404.135 1
5268042747641.825 1
5212108250225.843 0
5155923982706.117 1
5099522257563.782 0
5042934358550.522 0
4986190564018.168 1
4929320169238.447 1
4872351508543.597 0
4815311977276.149 1
4758228053049.824 0
4701125316135.121 1
4644028471022.074 1
4586961365499.633 1
4529947011049.12 0
4473007602043.097 1
4416164534906.886 0
4359438426397.895 1
4302849132736.7236 0
4246415766358.9165 0
4190156715115.12 1
4134089658221.264 0
4078231583788.195 0
4022598805936.979 1
3967206980458.928 0
3912071121138.251 1
3857205616018.0806 0
3802624241956.4946 0
3748340180647.039 1
3694366033164.1675 1
3640713834514.8325 0
3587395068333.32 1
3534420680835.232 0
3481801094372.3633 1
3429546221601.009 1
3377665478220.04 1
3326167796507.848 0
3275061637956.045 1
3224355005945.6333 0
3174055457948.1934 1
3124170117995.5024 0
3074705688076.876 1
3025668460451.404 1
2977064328485.2266 0
2928898798095.944 0
2881176999204.143 1
2833903695806.9644 0
2787083296958.513 1
2740719867148.8535 0
2694817136319.2524 1
2649378510065.3184 1
2604407079069.6763 0
2559905628948.796 1
2515876649567.583 0
2472322343995.3086 0
2429244637831.402 1
2386645187756.6265 0
2344525390108.197 1
2302886389655.4004 1
2261729087288.325 0
2221054148599.2935 1
2180862011508.6074 0
2141152893995.19 1
2101926801787.713 1
2063183535487.8118 0
2024922697995.985 1
1987143701599.7866 0
1949845774553.9048 0
1913027968225.691 1
1876689163359.6484 0
1840828076568.3594 1
1805443266841.3044 0
1770533141181.9973 0
1736095961154.8003 1
1702129848378.724 0
1668632790190.4746 1
1635602645487.971 1
1603037149870.5215 0
1570933921031.7754 1
1539290464090.5037 0
1508104176185.2117 0
1477372351845.5251 1
1447092187508.2393 0
1417260786128.875 1
1387875161958.5513 1
1358932244584.9397 0
1330428883494.0564 1
1302361852324.6738 0
1274727852450.1702 0
1247523517423.6572 1
1220745416535.2676 0
1194390058575.5176 1
1168453895590.6716 0
1142933325973.029 0
1117824698456.0671 1
1093124314942.3773 0
1068828433791.3583 1
1044933273138.6729 0
1021435013584.513 0
998329801361.7654 1
975613751017.202 1
953282948096.8391 0
931333451879.6406 1
909761298016.7478 0
888562500658.4006 1
867733055300.6897 1
847268940651.2478 0
827166121202.956 1
807420549264.6959 0
788028166892.1492 0
768984908246.6168 1
750286701203.7881 0
731929469294.3605 1
713909133973.3817 0
696221615251.1399 1
678862835111.3812 0
661828716827.5905 0
645115189247.0087 1
628718186101.0118 0
612633648181.4263 1
596857525172.3058 0
581385776402.6599 1
566214372566.586 0
551339296462.2184 0
536756545061.8526 0
522462129753.5483 1
508452077924.4623 1
494722433883.12415 1
481269260009.8216 1
468088637591.2297 0
455176667890.3822 0
442529473143.05164 1
430143197111.57184 0
418014005905.1073 1
406138089430.3455 0
394511660944.5625 1
383130959265.99243 1
371992248043.4167 0
361091817418.8746 1
350425984309.3882 0
339991092604.57635 0
329783514400.01215 1
319799650121.15674 1
310035928901.68524 0
300488809506.99805 1
291154780743.6888 0
282030361040.71857 1
273112100293.025 0
264396578699.2782 1
255880408253.47754 1
247560232398.06613 0
239432726621.2306 0
231494598871.04282 1
223742589558.08746 0
216173471634.2066 1
208784051204.981 0
201571167411.55533 1
194531693024.40244 0
187662533982.60806 1
180960630035.24326 0
174422954603.37723 1
168046515129.26788 0
161828352844.24966 1
155765543239.82266 0
149855195393.4323 0
144094453158.4171 1
138480494214.5901 0
133010530317.91028 1
127681807716.69186 0
122491606255.79039 0
117437240622.19588 1
112516059232.45409 0
107725444427.32855 1
103062812982.1052 0
98525615018.93095 0
94111335029.56761 1
89817491006.93343 0
85641634397.79843 1
81581350701.99231 1
77634258360.47887 0
73798009333.64493 1
70070288757.14583 0
66448814567.643005 0
62931337799.76297 1
59515642061.59848 0
56199543363.06307 0
52980890343.40103 1
49857563688.146904 0
46827475941.82095 1
43888571625.63916 0
41038826720.50783 1
38276248687.56519 1
35598876038.52466 0
33004778378.0671 1
30492056050.522007 1
28058839811.06963 0
25703290758.689445 1
23423600135.07318 0
21217988799.71388 1
19084707493.376125 0
17022035949.146053 0
15028283309.253712 1
13101787395.854582 0
11240914592.951181 0
9444059732.630108 1
7709645670.784474 0
6036123068.48622 1
4421970222.167466 0
2865692613.7649603 1
1365822868.976645 0
-79079758.22564983 0
-1470429394.6883385 1
-2809613965.6388116 1
-4097995512.58928 0
-5336910388.456898 1
-6527669462.779868 0
-7671558554.913665 1
-8769838535.095783 0
-9823745924.271646 1
-10834492631.578382 1
-11803266799.387243 0
-12731232768.809437 1
-13619531186.573908 0
-14469279945.18911 0
-15281573705.304317 1
-16057484557.189054 0
-16798062410.25209 1
-17504334814.52401 0
-18177307925.029873 1
-18817965961.980804 1
-19427272224.715355 1
-20006168967.323223 1
-20555577763.88575 1
-21076399819.26951 0
-21569516235.410984 1
-22035788082.031727 0
-22476057269.7247 0
-22891146006.353973 1
-23281857664.71151 1
-23648976983.376717 0
-23993270080.726196 1
-24315484870.043144 1
-24616351478.677715 0
-24896582355.210976 1
-25156872239.576683 0
-25397899326.096455 1
-25620324438.38538 0
-25824792349.086052 1
-26011930773.39012 0
-26182352169.307415 1
-26336652674.643646 0
-26475413078.648243 1
-26599198820.294533 0
-26708560492.155052 1
-26804033598.83548 0
-26886139679.931595 1
-26955385346.474724 0
-27012263838.83192 1
-27057254188.027832 0
-27090822351.45553 1
-27113420296.94394 1
-27125487984.15012 0
-27127452152.24477 1
-27119726414.859734 1
-27102713072.266758 0
-27076801982.75744 0
-27042371080.194946 1
-26999786689.708714 0
-26949404323.504143 0
-26891567582.759983 1
-26826609752.58645 0
-26754853751.01767 0
-26676611058.01199 1
-26592183562.433605 0
-26501863536.98967 1
-26405932717.097603 1
-26304663840.65892 0
-26198320292.717297 1
-26087155652.97977 0
-25971415974.18094 1
-25851336922.270763 0
-25727147016.407654 1
-25599065531.73899 0
-25467304577.95155 1
-25332067592.57442 0
-25193550741.017433 1
-25051942384.328506 1
-24907423871.65407 0
-24760169305.386982 1
-24610345855.986313 1
-24458114037.453712 0
-24303627709.451527 0
-24147034202.047985 1
-23988474877.075043 0
-23828085336.08489 1
-23665994506.891323 1
-23502326422.6827 0
-23337199355.693314 1
-23170725905.419846 1
-23003014025.369778 0
-22834166410.329124 1
-22664280657.13772 1
-22493450053.960983 0
-22321763127.048058 1
-22149304023.96658 0
-21976152697.304886 0
-21802384909.833157 1
-21628072424.116093 1
-21453283394.570923 0
-21278082184.965733 0
-21102529401.35415 1
-20926682518.443794 1
-20750595635.396713 0
-20574319755.06103 1
-20397902660.63387 0
-20221389498.756454 1
-20044822303.043453 0
-19868240821.049862 0
-19691681954.679817 1
-19515180201.042736 0
-19338768023.762802 1
-19162475224.748627 1
-18986329799.43073 0
-18810357618.47487 1
-18634582559.9802 1
-18459026876.17213 0
-18283711081.60074 1
-18108653789.856472 1
-17933872427.815994 0
-17759382839.43215 1
-17585199350.082832 0
-17411335260.49479 1
-17237802418.25931 1
-17064611837.957462 0
-16891773290.91322 1
-16719295524.593533 0
-16547186629.67501 1
-16375453566.79796 1
-16204102737.029352 0
-16033139850.057117 1
-15862569719.13877 0
-15692396940.828379 1
-15522625292.507034 0
-15353258287.742786 0
-15184298886.506878 1
-15015749689.273857 0
-14847613175.034035 1
-14679891233.247917 1
-14512585805.773186 0
-14345698557.79559 1
-14179230940.79602 0
-14013184463.586939 1
-13847560427.45211 1
-13682360213.424196 0
-13517585148.735317 1
-13353236556.476334 1
-13189315953.501171 0
-13025824877.613108 1
-12862764901.070591 0
-12700137983.450537 1
-12537945969.907585 1
-12376191107.868158 0
-12214875802.198256 1
-12054002549.884033 0
-11893574384.264606 0
-11733594329.856815 1
-11574065800.811787 0
-11414992571.04321 1
-11256378555.067379 1
-11098228123.595016 0
-10940545929.91474 1
-10783336870.108015 0
-10626606375.135166 1
-10470359992.831854 1
-10314603793.855186 0
-10159344132.61823 1
-10004587678.251228 1
-9850341579.627264 0
-9696613245.489565 1
-9543410407.717007 0
-9390741354.76384 1
-9238614468.308958 1
-9087038699.149385 0
-8936023289.371992 1
-8785577702.836853 0
-8635712002.00504 0
-8486436330.1428 1
-8337761316.93334 0
-8189697972.526567 1
-8042257406.056336 1
-7895451262.6537695 0
-7749291421.984531 1
-7603790000.337261 0
-7458959560.289813 0
-7314812735.979303 1
-7171362596.001414 0
-7028622521.963856 1
-6886605874.718303 0
-6745326627.294557 1
-6604798636.560061 1
-6465036290.627318 0
-6326053998.031303 1
-6187866370.698449 1
-6050488334.728115 0
-5913934930.006898 0
-5778221306.675573 0
-5643362843.467924 1
-5509375035.940035 1
-5376273560.6080265 1
-5244074154.011611 0
-5112792697.720203 0
-4982445123.297657 1
-4853047464.241006 1
-4724615883.908023 0
-4597166559.447657 1
-4470715703.746754 0
-4345279721.405705 0
-4220874735.754944 1
-4097516973.923498 0
-3975223005.9700003 1
-3854008857.0857644 0
-3733891121.8788166 0
-3614885775.747084 1
-3497009003.3483696 0
-3380277136.174163 0
-3264706115.233823 1
-3150311938.855127 0
-3037110530.606622 0
-2925117643.3466907 1
-2814348952.4036775 1
-2704820104.8908257 0
-2596546540.159214 0
-2489543435.3913846 0
-2383825943.3378754 1
-2279408982.19842 0
-2176307503.6491566 1
-2074535866.0167828 0
-1974108760.6001642 1
-1875040190.1394923 1
-1777344279.4326873 0
-1681034752.0983632 1
-1586125009.4842863 0
-1492628635.7198749 1
-1400558359.9109068 1
-1309927206.4742055 0
-1220747638.6096754 1
-1133031815.9066825 0
-1046791929.0814378 1
-962039430.8417199 0
-878785964.8749697 0
-797042238.9554908 1
-716819183.1662035 0
-638127443.2301527 1
-560976786.9467454 1
-485377133.7274753 0
-411337976.22568846 1
-338868255.0547522 0
-267976775.58882952 1
-198671847.84031492 0
-130961525.4078688 1
-64853188.48887771 0
-354226.9500827193 1
62528669.549939275 1
123788928.39279759 0
183420563.79319865 1
241418234.55913758 0
297776483.82574546 1
352490811.76911986 1
405556737.30639744 0
456970414.78823483 1
506728553.68974805 0
554828046.305834 0
601266503.45665 1
646041892.2088569 0
689152554.6180371 1
730597592.497468 0
770376237.2181957 0
808488496.5450809 1
844934801.5132006 0
879715961.3486664 1
912833615.4375834 0
944289544.3465254 0
974086319.897544 1
1002226987.300349 1
1028715073.3438789 0
1053554666.6490632 1
1076750597.98415 0
1098307958.6434932 1
1118232713.8902113 1
1136531194.462613 0
1153210346.1437433 1
1168277901.3928328 0
1181741949.0368195 1
1193611386.0195098 1
1203895515.2053652 0
1212604434.2343178 1
1219748969.4233932 0
1225340298.710287 0
1229390495.63341 1
1231912189.3422177 0
1232918629.630929 1
1232423969.9879808 0
1230442669.6527972 1
1226990271.6706512 1
1222082774.9355876 0
1215736933.2105606 1
1207970303.1130927 1
1198801058.0538955 0
1188248083.1150222 1
1176331184.8532152 1
1163070731.0131674 1
1148487887.1344604 0
1132604590.0350134 1
1115443788.152954 1
1097028640.7278864 0
1077383535.8015463 1
1056533665.0168025 1
1034504801.1928694 0
1011323581.6534736 1
987017662.2835333 1
961615117.2887299 0
935145146.6311817 1
907637798.1132412 0
879123626.0801988 0
849634378.7114444 1
819202608.8683684 0
787861387.4660497 1
755645042.334471 1
722588353.5336661 0
688727247.0858238 1
654098529.0859745 1
618739535.1514761 0
582688710.1690731 1
545985350.2968581 0
508669415.17702127 1
470782002.31375885 1
432364718.56918 0
393460120.72853637 1
354111895.0845125 0
314364005.98871183 1
274261772.3168349 0
233850799.79237747 0
193178059.11203384 1
152290918.8143432 1
111237585.83149004 0
70067033.66250324 1
28829178.1044271 0
-12425775.523598671 1
-53646366.730071545 0
-94780826.84311056 0
-135776569.71494293 1
-176580345.2109599 1
-217138388.5571885 1
-257396367.62183237 0
-297299288.2084093 0
-336791486.4399061 1
-375816984.3152938 1
-414319391.5216932 0
-452241858.5874429 1
-489526819.4633961 0
-526117154.62185 1
-561954453.7646065 0
-596980790.2338619 1
-631137645.2218103 0
-664366714.8770747 1
-696609222.408309 1
-727806647.2875018 0
-757900493.657825 1
-786832052.0532494 0
-814543307.5395665 0
-840975943.388907 1
-866072333.4022532 0
-889775347.9969268 1
-912027793.1785026 0
-932773973.5191216 1
-951957760.2666454 0
-969524644.7116089 1
-985420614.9415073 0
-999592897.1144199 1
-1011989428.3865633 1
-1022559685.6309624 0
-1031254398.0870051 1
-1038025544.0832653 0
-1042827048.9786015 0
-1045614179.4692154 1
-1046344301.4120736 0
-1044976829.3177862 1
-1041473029.6688113 0
-1035796929.2216263 1
-1027914674.4543471 0
-1017795305.3242421 1
-1005410485.5026011 0
-990735154.2574854 1
-973747225.1580496 0
-954428238.7771721 1
-932763101.5722222 1
-908740840.126895 0
-882354445.9402442 1
-853600889.9523354 0
-822482171.9992995 1
-789004582.3940482 1
-753179771.832511 1
-715024512.8288527 0
-674561206.8867912 1
-631817841.6178555 0
-586828838.0211592 1
-539634829.1431942 0
-490283338.34008646 1
-438828648.36876583 1
-385332693.53762674 0
-329864991.15138006 1
-272502967.48893833 1
-213332706.55745935 0
-152448986.87008715 1
-89955620.49937534 0
-25966114.662884712 1
39396156.89802647 0
105997226.48066998 1
173692857.65455675 1
242326977.89107656 0
311732063.3095932 1
381728521.25526285 1
452123955.418767 0
522712891.2029333 1
593276273.0359564 0
663580694.3255854 1
733378338.7432938 0
802405791.5219254 0
