4510261081514851.0 0
4413515914930250.5 1
4318298483016038.5 0
4224595463296054.0 1
4132393357580887.5 0
4041678503978806.0 0
3952437088560384.0 1
3864655156681876.5 0
3778318623973903.0 1
3693413287002347.5 1
3609924833605325.5 0
3527838852914596.5 1
3447140845065481.5 0
3367816230601473.5 1
3289850359580102.5 0
3213228520385058.5 0
3137935948251429.5 1
3063957833509247.0 1
2991279329551839.0 0
2919885560535106.5 1
2849761628813131.0 0
2780892622116014.0 0
2713263620476641.0 1
2646859702910855.0 0
2581665953857645.0 1
2517667469384914.0 0
2454849363165590.0 0
2393196772230720.0 1
2332694862503821.0 0
2273328834122207.0 0
2215083926551238.2 1
2157945423495266.5 0
2101898657611849.8 1
2046929015033727.2 0
1993021939703142.8 1
1940162937524777.0 1
1888337580340767.5 0
1837531509733931.2 1
1787730440663546.2 0
1738920164938010.2 0
1691086554530126.8 1
1644215564738400.8 0
1598293237199451.8 1
1553305702756255.0 1
1509239184185476.5 0
1466079998789394.0 1
1423814560855465.0 0
1382429383987466.8 0
1341911083312894.8 1
1302246377568898.5 0
1263422091071158.8 1
1225425155569088.2 1
1188242611989598.5 0
1151861612074409.0 1
1116269419912218.2 0
1081453413369639.5 1
1047401085424246.1 1
1014100045401374.4 0
981538020118749.0 1
949702854941117.2 0
918582514747202.5 0
888165084812748.5 1
858438771610860.9 0
829391903533067.6 1
801012931533416.4 1
773290429697319.6 0
746213095738708.1 1
719769751426730.8 0
693949342944522.1 1
668740941182926.1 1
644133741970047.4 0
620117066240066.8 1
596680360142663.2 0
573813195094655.6 1
551505267777534.25 1
529746400080668.06 0
508526538993878.3 1
487835756450501.7 1
467664249122659.56 0
448002338171246.94 1
428840468951671.44 0
410169210677299.2 1
391979256042798.94 1
374261420807961.7 0
357006643344749.9 1
340205984148599.56 1
323850625314754.25 0
307931869982775.3 1
292441141749081.06 0
277369984049440.06 1
262710059513390.66 0
248453149290423.47 0
234591152351073.3 1
221116084762364.16 1
208020078939780.03 0
195295382877090.53 0
182934359354458.88 1
170929485126326.16 0
159273350090237.66 1
147958656437552.22 0
136978217786821.05 0
126324958301398.55 0
115991911791512.86 1
105972220802343.94 0
96259135688531.78 1
86846013676704.9 0
77726317915653.4 0
68893616516250.59 0
60341581581057.23 1
52063988224717.81 0
44054713585677.02 0
36307735830413.23 1
28817133149915.35 1
21577082750138.566 0
14581859836422.102 1
7825836592836.641 1
1303481156473.3167 0
-4990643411767.232 1
-11061880160150.35 0
-16915479282234.791 1
-22556599154642.707 0
-27990307377799.496 1
-33221581816847.164 0
-38255311644656.695 1
-43096298383945.625 0
-47749256950989.79 1
-52218816697235.78 0
-56509522451182.96 1
-60625835558274.55 0
-64572134919852.13 1
-68352718029097.97 1
-71971802005497.48 1
-75433524625972.81 0
-78741945352917.98 1
-81901046358659.92 1
-84914733547565.47 0
-87786837571980.64 1
-90521114845090.52 0
-93121248549862.78 0
-95590849641283.9 1
-97933457845490.06 0
-100152542652669.97 1
-102251504304230.81 0
-104233674775602.62 0
-106102318751036.72 1
-107860634594309.06 0
-109511755312648.72 1
-111058749512586.69 0
-112504622352250.72 1
-113852316483552.23 1
-115104712990297.86 0
-116264632317185.31 1
-117334835192683.36 0
-118318023544548.55 1
-119216841407294.67 0
-120033875823071.05 1
-120771657733931.92 0
-121432662867391.55 1
-122019312613364.84 0
-122533974894280.25 1
-122978965025830.14 0
-123356546571550.34 0
-123668932187498.19 1
-123918284460490.98 1
-124106716737323.08 1
-124236293945851.08 0
-124309033408213.27 0
-124326905645510.14 0
-124291835174400.05 1
-124205701295282.11 0
-124070338872390.27 1
-123887539104820.9 0
-123659050290346.27 0
-123386578579609.14 1
-123071788723013.8 0
-122716304808799.48 1
-122321710991382.23 0
-121889552215062.62 0
-121421334923883.22 1
-120918527768064.55 0
-120382562299726.31 1
-119814833659949.39 1
-119216701258861.17 1
-118589489446325.8 1
-117934488174896.33 0
-117252953654510.69 0
-116546108998916.58 0
-115815144864002.98 0
-115061220078041.75 0
-114285462263884.97 0
-113488968453160.86 0
-112672805692508.12 0
-111838011641883.52 0
-110985595164974.72 0
-110116536911748.84 0
-109231789893164.84 0
-108332280048076.94 0
-107418906802354.83 1
-106492543620245.02 0
-105554038548139.12 1
-104604214750031.38 1
-103643871036394.11 1
-102673782384011.0 0
-101694700449602.61 1
-100707354074763.23 0
-99712449783768.83 0
-98710672273602.27 0
-97702684896567.61 0
-96689130135330.38 0
-95670630070454.5 0
-94647786840464.05 0
-93621183094463.28 0
-92591382437352.52 0
-91558929867681.67 0
-90524352208187.44 0
-89488158529062.83 0
-88450840564011.8 1
-87412873119144.31 0
-86374714474777.8 0
-85336806780186.11 0
-84299576441394.19 0
-83263434502047.19 0
-82228777017439.67 0
-81195985421762.19 0
-80165426888630.4 0
-79137454684961.12 0
-78112408518259.14 0
-77090614877380.02 0
-76072387366833.17 0
-75058027034688.78 0
-74047822694152.16 0
-73042051238870.33 0
-72040977952037.12 0
-71044856809365.08 0
-70053930775993.74 0
-69068432097404.805 0
-68088582584415.57 0
-67114593892324.71 0
-66146667794285.73 1
-65184996448971.58 0
-64229762662690.79 1
-63281140145780.16 0
-62339293763852.445 1
-61404379783252.24 1
-60476546111640.73 0
-59555932533016.74 1
-58642670937649.02 0
-57736885547374.945 0
-56838693135073.25 1
-55948203240017.81 0
-55065518378234.266 1
-54190734247586.39 1
-53323939929096.84 0
-52465218082824.84 1
-51614645139739.31 0
-50772291489232.484 1
-49938221661810.7 1
-49112494508201.69 0
-48295163373679.18 1
-47486276268631.69 0
-46685876035358.305 0
-45894000510243.4 1
-45110682682852.34 0
-44335950850988.9 1
-43569828771855.164 1
-42812335810200.266 0
-42063487082514.414 1
-41323293597854.57 0
-40591762395759.21 1
-39868896680336.164 1
-39154695951721.25 0
-38449156133933.59 1
-37752269699949.734 1
-37064025793975.57 0
-36384410350443.12 0
-35713406210165.56 0
-35050993234113.113 1
-34397148414044.848 1
-33751845980634.53 0
-33115057508857.047 1
-32486752020812.883 0
-31866896086268.207 1
-31255453920152.734 0
-30652387478479.5 0
-30057656550627.316 1
-29471218850562.066 0
-28893030105516.633 0
-28323044141194.2 1
-27761212966402.895 0
-27207486854861.766 1
-26661814424451.223 0
-26124142715303.293 1
-25594417265010.906 0
-25072582182599.656 1
-24558580219986.547 0
-24052352842001.2 1
-23553840294212.29 0
-23062981669369.246 1
-22579714971336.34 0
-22103977178645.047 0
-21635704304406.7 1
-21174831456657.375 0
-20721292895696.934 1
-20275022090139.5 1
-19835951771975.316 0
-19404013989364.684 1
-18979140158303.58 0
-18561261113125.375 0
-18150307154867.293 1
-17746208098959.164 0
-17348893321153.021 1
-16958291801996.281 1
-16574332170567.637 0
-16196942746208.223 1
-15826051579383.277 0
-15461586491351.207 1
-15103475112266.703 1
-14751644918537.498 0
-14406023268618.082 1
-14066537437741.305 0
-13733114651944.164 0
-13405682120018.588 1
-13084167065542.479 0
-12768496757071.031 1
-12458598537307.086 1
-12154399851867.26 0
-11855828276170.518 1
-11562811541977.613 0
-11275277562938.74 1
-10993154458666.604 1
-10716370578601.777 0
-10444854524469.82 1
-10178535171890.197 0
-9917341691629.75 0
-9661203569146.451 1
-9410050624116.047 0
-9163813028755.178 1
-8922421325194.47 1
-8685806442677.058 0
-8453899713289.825 1
-8226632887383.631 0
-8003938148364.707 1
-7785748126282.289 1
-7571995911352.198 0
-7362615066399.857 1
-7157539638629.064 0
-6956704171280.724 0
-6760043713904.576 1
-6567493832672.897 0
-6378990619891.94 1
-6194470702694.664 1
-6013871251802.926 0
-5837129989061.106 1
-5664185194889.976 0
-5494975715264.345 1
-5329440967810.696 1
-5167520947940.538 0
-5009156234195.77 1
-4854287993096.892 0
-4702857984067.519 0
-4554808563194.253 1
-4410082687203.49 0
-4268623916858.2983 1
-4130376419674.237 1
-3995284972910.6377 0
-3863294965537.5195 1
-3734352400198.9873 0
-3608403895014.638 0
-3485396684489.1562 1
-3365278620751.9644 0
-3247998174101.5693 1
-3133504433187.138 0
-3021747105423.734 0
-2912676516415.5186 1
-2806243609658.1367 0
-2702399945862.367 1
-2601097701688.9746 1
-2502289668888.527 0
-2405929252567.777 1
-2311970469506.0776 0
-2220367946543.194 0
-2131076918081.7556 1
-2044053224073.4993 0
-1959253307458.3318 1
-1876634211306.1372 0
-1796153576338.0945 0
-1717769637525.1157 1
-1641441221121.848 0
-1567127741386.5066 1
-1494789196840.6543 1
-1424386167011.9023 0
-1355879808438.3406 1
-1289231850803.3413 0
-1224404593200.2227 0
-1161360899685.087 1
-1100064195337.9849 0
-1040478461911.3318 1
-982568233231.3064 1
-926298591054.7861 0
-871635160221.2072 1
-818544104078.5928 0
-766992119946.8556 1
-716946433948.3406 1
-668374796606.4299 0
-621245477581.891 1
-575527260842.5029 0
-531189439784.35583 1
-488201811874.0797 1
-446534673879.1356 0
-406158816521.17334 1
-367045519291.34045 0
-329166545528.312 0
-292494136808.692 1
-257001007946.32312 0
-222660341795.92828 1
-189445783693.39078 0
-157331436526.8584 0
-126291854954.74069 1
-96302040590.55818 0
-67337436601.49293 0
-39373922010.380035 1
-12387806791.770721 0
13644173362.40875 1
38744862921.18107 0
62936690994.505005 0
86241677405.70459 1
108681437336.21596 0
130277186694.62166 1
151049747819.03415 1
171019553983.98 0
190206654980.02588 1
208630722479.47385 1
226311054525.53778 0
243266581294.49338 1
259515869965.37665 0
275077129402.8844 0
289968215904.2056 1
304206637583.583 0
317809559417.4697 1
330793808833.2131 0
343175879463.2588 1
354971937177.93475 1
366197823881.9365 0
376869062997.69946 1
387000864152.90186 0
396608127248.39514 1
405705448301.90704 0
414307122665.91235 0
422427150843.1095 1
430079242484.98584 0
437276820466.0009 0
444033026501.9569 1
450360724663.16833 0
456272505473.08264 0
461780691642.04974 1
466897341000.9824 0
471634251087.68695 1
476002964121.6736 1
480014769820.2771 0
483680710696.9427 1
487011585862.5602 0
490017954313.7606 1
492710140176.1069 0
495098235223.13354 0
497192104309.2149 1
499001388082.2569 0
500535506943.224 0
501803665421.5355 1
502814855429.3838 1
503577859827.04034 1
504101256422.2308 0
504393421337.67175 1
504462532724.8668 0
504316573899.2576 1
503963337543.8286 0
503410427901.259 1
502665265985.7101 1
501735090657.3376 0
500626963780.62573 1
499347772690.6596 0
497904233115.47034 1
496302893424.6065 0
494550135953.10144 1
492652182455.0213 0
490615094443.80084 1
488444778550.60455 0
486146988076.97345 0
483727326436.0467 1
481191250025.67163 0
478544069958.73834 1
475790957477.0906 0
472936943487.3833 1
469986923956.2725 0
466945660324.3432 1
463817784210.18695 1
460607798345.03424 1
457320080164.3432 0
453958883866.7347 0
450528342969.6584 0
447032472756.17145 0
443475172678.20856 0
439860228722.71954 0
436191315742.0563 0
432471999748.9906 0
428705740176.7487 0
424895892104.4437 0
421045708448.29114 1
417158342119.9982 0
413236848145.7183 0
409284185766.9686 1
405303220489.91095 1
401296726111.3994 1
397267386704.20197 1
393217798193.80426 1
389150471792.20874 1
385067834014.1399 0
380972229263.0684 1
376865921881.4671 0
372751097828.70715 0
368629866462.005 0
364504262279.8285 0
360376246653.1684 0
356247709523.0718 0
352120471071.8242 0
347996283367.1678 0
343876831979.94037 0
339763737575.5076 0
335658557479.3465 0
331562787217.1276 0
327477862029.6312 0
323405158362.81903 0
319345995333.375 0
315301636170.0145 0
311273289630.8468 0
307262111397.05426 0
303269205443.13947 0
299295625383.9827 0
295342375798.94476 0
291410413533.24316 0
287500648976.8275 0
283613947320.98126 0
279751129792.88434 0
275912974868.36755 0
272100219463.08456 0
268313560102.31866 0
264553654069.63458 0
260821120534.58008 0
257116541659.64175 0
253440463686.663 0
249793398002.93243 0
246175822187.15332 0
242588181035.50723 0
239030887568.02832 1
235504324075.50772 0
232008842817.1475 1
228544767490.17896 1
225112393633.65994 0
221711989724.66467 1
218343798335.0784 1
215008036493.2066 0
211704896935.40616 1
208434548988.94226 0
205197138951.27518 1
201992791421.98303 0
198821609532.52768 0
195683676452.0734 1
192579055441.56693 0
189507790774.28378 0
186469908821.044 1
183465418396.2981 0
180494311189.28275 1
177556563456.44907 0
174652135259.36856 0
171780972399.32123 1
168943006273.76584 0
166138154618.88745 1
163366322359.41458 0
160627401825.89685 0
157921273765.6324 1
155247807551.4341 0
152606861679.4239 0
149998284637.04303 1
147421915104.47064 1
144877582574.64282 0
142365107827.06638 1
139884303477.62158 0
137434974218.55049 1
135016917603.82907 0
132629924045.12277 0
130273777748.52605 1
127948256666.28546 0
125653133070.70515 1
123388174113.43304 0
121153141923.32458 0
118947794143.07826 1
116771884222.83289 0
114625161711.91039 1
112507372781.88168 1
110418260259.12852 0
108357564194.0689 1
106325022110.21066 0
104320369055.19557 1
102343338328.99284 1
100393661289.40033 0
98471067877.0111 1
96575286947.80144 1
94706046166.49463 0
92863072619.84985 1
91046092883.0214 0
89254833068.12988 1
87489019454.18329 1
85748378176.4838 0
84032635819.65645 1
82341519479.43509 0
80674756722.34227 0
79032076177.4002 1
77413207341.00984 0
75817880760.13464 1
74245828484.92622 1
72696783732.9293 0
71170481415.00444 1
69666658149.10725 0
68185052139.06298 1
66725403704.475815 1
65287454985.91251 0
63870950264.49988 1
62475636091.0764 0
61101261049.03955 0
59747576285.03192 1
58414335215.61141 0
57101293708.05291 1
55808210289.43237 0
54534845855.147804 0
53280964086.034355 1
52046331319.23299 0
50830716416.97337 1
49633891248.43202 1
48455630220.82732 0
47295710545.91302 1
46153912396.03154 0
45030018564.88795 0
43923814786.20555 1
42835089595.42349 0
41763634299.59654 1
40709243168.656075 0
39671713125.18944 0
38650844059.89318 1
37646438589.85335 0
36658302070.80348 0
35686242779.50848 1
34730071618.420616 0
33789602218.75282 1
32864651045.11149 0
31955037030.82837 1
31060581936.127567 1
30181110040.261127 0
29316448227.743355 1
28466425945.81103 1
27630875067.23374 0
26809630025.59527 1
26002527698.163548 0
25209407195.463295 1
24430110189.66171 0
23664480435.874004 0
22912364091.491474 1
22173609511.630913 0
21448067100.80069 0
20735589519.875202 1
20036031457.465748 0
19349249526.772648 1
18675102486.00041 1
18013450843.41476 0
17364157059.117615 1
16727085543.613235 0
16102102166.23663 1
15489074849.512787 1
14887872998.513155 0
14298367686.27336 1
13720431663.334145 0
13153939006.465755 0
12598765433.634523 1
12054788073.26887 0
11521885294.880194 1
10999937086.092567 0
10488824389.133528 0
9988429597.836538 1
9498636292.2038 0
9019328991.576033 1
8550393650.453693 0
8091716983.012177 0
7643186900.35173 1
7204692207.520974 1
6776122606.351019 0
6357368729.135113 1
5948322118.186807 0
5548874952.307666 1
5158920429.193793 0
4778352107.808756 0
4407064708.748766 1
4044953274.624347 0
3691913388.4808598 1
3347841647.278399 0
3012634807.4497757 1
2686190391.5534663 1
2368406212.036636 0
2059180693.1215844 1
1758412753.8273246 1
1466001538.1363876 0
1181846675.3153353 1
905848268.3959079 0
637906504.8222202 0
377922108.2679366 1
125796017.62588748 0
-118570615.82886815 1
-355276223.1029697 0
-584419212.9775289 0
-806097540.3330089 1
-1020409056.3108425 1
-1227451518.3177845 0
-1427322398.8803377 1
-1620118941.3579087 0
-1805938378.5246603 1
-1984877600.0313058 0
-2157033657.75935 1
-2322503083.0815144 1
-2481382604.0433083 0
-2633768692.4818745 1
-2779757677.0993943 1
-2919445830.5093913 0
-3052929296.275297 1
-3180303976.961629 0
-3301666080.219055 1
-3417111066.9255657 1
-3526734803.406834 0
-3630632964.759704 1
-3728900668.303531 0
-3821633559.18488 1
-3908926632.1618533 0
-3990875086.5950828 1
-4067573677.673145 0
-4139117329.900856 1
-4205600465.8794513 0
-4267117732.408125 0
-4323763213.936744 1
-4375630931.399738 0
-4422815125.461311 1
-4465408838.202133 0
-4503506302.277672 1
-4537199990.578222 1
-4566583179.420559 1
-4591748603.3009205 0
-4612788760.238705 1
-4629795495.739956 0
-4642860948.409446 1
-4652076298.239866 0
-4657533277.606306 0
-4659322183.993805 1
-4657533672.4854145 0
-4652257974.03794 1
-4643584666.572258 0
-4631603191.904806 0
-4616402202.546528 1
-4598070235.395112 0
-4576695405.345975 1
-4552364952.846961 1
-4525166083.421245 0
-4495185223.182412 1
-4462508283.365311 0
-4427220993.895757 0
-4389407671.021585 1
-4349152826.026902 0
-4306540581.050834 1
-4261653397.0314755 1
-4214574057.7950873 0
-4165384454.309886 1
-4114165580.123136 1
-4060998194.999697 1
-4005962080.779624 0
-3949136325.471714 0
-3890599345.5991383 0
-3830428834.812459 0
-3768701744.784504 0
-3705494271.400818 0
-3640881841.258697 0
-3574939098.487019 0
-3507739891.8982897 0
-3439357262.4835396 0
-3369863431.2598767 0
-3299329787.479667 0
-3227826877.2095256 0
-3155424392.286529 0
-3082191159.6583123 0
-3008195131.1129217 0
-2933503373.4035544 0
-2858182058.7725005 1
-2782296455.8778176 1
-2705911160.125453 1
-2629089345.408747 1
-2551893505.256478 1
-2474385102.389806 0
-2396624881.68773 0
-2318672549.5599685 1
-2240586831.725503 1
-2162425492.39435 0
-2084245326.849515 0
-2006102156.4254696 0
-1928050828.8788733 0
-1850145210.1466455 0
-1772438181.4858642 0
-1694981635.9893384 0
-1617826475.4701264 0
-1541022607.7076995 0
-1464618944.047893 0
-1388663397.3482337 0
-1313202880.2597313 0
-1238283303.8357306 0
-1163949576.4579372 0
-1090245603.0692961 0
-1017214284.7029796 0
-944897518.2963687 0
-873336196.778559 0
-802570209.4196191 1
-732638441.4295385 0
-663578779.7945268 0
-595428104.3381109 0
-528222298.99426395 0
-461996248.2796006 0
-396783839.95148367 0
-332617966.8387291 0
-269530528.8314616 0
-207552435.0165605 0
-146713605.94503134 0
-87042976.01756728 0
-28568495.97451824 0
28682864.523523867 0
84685114.23829257 0
139413237.6332888 0
192843192.10375476 0
244951905.1707453 1
295717282.6527364 0
345118173.82807136 1
393134424.60137236 1
439746806.6868447 0
484936993.8211745 1
528687753.01848173 1
570982666.8795058 0
611806332.9669197 1
651144330.2583526 0
688983064.6883414 1
725310014.7900592 1
760113505.4472723 0
793382790.766522 1
825108214.0790712 0
855280795.0816671 0
883892702.1246573 1
910936962.6554538 0
936407406.8247474 1
960299085.262247 0
982607632.028065 0
1003329856.745206 1
1022463457.9179436 0
1040006831.440175 1
1055959635.2971042 1
1070322216.4628569 0
1083095852.9958942 1
1094282965.333322 0
1103886576.784403 0
1111910889.222737 1
1118360952.9757211 0
1123242609.9090238 1
1126562888.7029305 0
1128329506.3165321 0
1128551272.6348052 1
1127237903.2927272 0
1124399897.669628 0
1120048922.0459723 1
1114197429.9137394 0
1106858776.4304807 0
1098047489.0060146 1
1087778859.0095763 0
1076069042.5840676 1
1062935408.5528922 0
1048396027.4036477 1
1032470162.3316765 1
1015177828.325177 0
996540077.2722857 1
976579133.0692873 0
955317732.7077999 0
932779996.3174827 1
908990956.1394298 0
883976391.4039903 1
857763397.0852904 1
830379727.5032105 0
801854337.7420328 1
772217186.8534229 0
741498992.8098233 1
709731837.1727481 1
676948381.4389017 0
643182574.0254447 1
608469344.8541007 1
572844437.4922199 1
536344747.8073313 0
499008119.09005904 0
460873414.59864426 1
421980468.47664 0
382370032.9936631 0
342083973.05736876 1
301165113.94312406 0
259657145.186141 1
217604854.57906032 1
175053916.21619487 0
132050989.52383304 1
88643699.2142036 0
44880515.09885383 0
810960.6952877045 1
-43514553.441140175 0
-88044928.7299118 1
-132727749.99430561 1
-177510214.3802104 0
-222338410.84023523 1
-267157544.26044703 0
-311912266.30891323 1
-356546115.0871062 1
-401002206.6670747 0
-445222769.59921503 1
-489149196.4774723 1
-532722521.65077734 0
-575882909.1715298 1
-618569941.0740123 0
-660722826.077795 1
-702280000.8133059 1
-743179614.6688013 0
-783359375.3600397 1
-822756418.3261571 0
-861307904.0574474 0
-898950381.4629622 1
-935620343.3881626 0
-971254215.3952675 1
-1005788097.9213667 0
-1039158380.9317966 0
-1071301235.1886754 1
-1102153062.2568107 0
-1131650660.3715482 1
-1159730755.2955441 1
-1186330814.2938352 0
-1211388570.3590102 1
-1234842333.8207464 0
-1256631256.476574 1
-1276695051.38342 1
-1294974494.4521556 0
-1311411319.9900832 0
-1325948294.3390756 1
-1338529551.7598815 0
-1349100622.715867 1
-1357608345.7123032 0
-1364001616.8501296 1
-1368230742.2559576 1
-1370248258.552782 0
-1370008707.5386858 1
-1367468845.2437673 1
-1362588180.5385742 0
-1355328630.4704275 1
-1345654961.5071688 0
-1333535124.8712654 1
-1318940041.1505847 1
-1301844340.3756409 0
-1282226256.7566037 1
-1260067656.2769094 0
-1235354904.3439474 1
-1208078349.7010465 1
-1178233301.8088331 0
-1145819681.9078493 1
-1110842542.978147 0
-1073312512.815454 0
-1033245755.4474926 0
-990664481.1180158 0
-945597199.0701256 1
-898079001.3644495 1
-848152013.9718614 0
-795865476.3845382 1
-741276234.9932656 0
-684449294.4831514 1
-625457685.5042868 0
-564383599.8783011 0
-501317913.6062627 1
-436361251.9479604 1
-369624135.8472686 0
-301227435.98291254 1
-231302747.72867918 0
-159993046.31205177 1
-87452894.46520758 0
-13849382.867316246 0
60638131.317901134 1
135816902.5002842 1
211480260.00272703 0
287407466.3624253 0
363362886.2688947 1
439095498.8083186 0
514338181.678329 0
588807311.0319152 0
