2.005107815681339e+16 0
2.017666437699084e+16 1
2.0289085076893016e+16 1
2.038876312168523e+16 0
2.0476111644859796e+16 1
2.0551534218813016e+16 0
2.0615425023700856e+16 1
2.0668169014554604e+16 0
2.0710142086636064e+16 0
2.0741711239018268e+16 0
2.0763234736371104e+16 0
2.0775062268939244e+16 1
2.077753511069616e+16 0
2.077098627566087e+16 0
2.0755740672364736e+16 0
2.0732115256455044e+16 1
2.0700419181423852e+16 0
2.0660953947450124e+16 1
2.0614013548345652e+16 0
2.055988461659261e+16 1
2.049884656646598e+16 1
2.0431171735229916e+16 0
2.0357125522403612e+16 1
2.0276966527089976e+16 0
2.019094668336511e+16 1
2.0099311393728876e+16 0
2.0002299660615856e+16 1
1.99001442159713e+16 0
1.9793071648894412e+16 1
1.9681302531355264e+16 0
1.956505154198912e+16 1
1.9444527587976284e+16 1
1.9319933925012016e+16 0
1.9191468275377104e+16 1
1.905932294411497e+16 1
1.8923684933324444e+16 0
1.878473605457865e+16 0
1.864265303948067e+16 1
1.8497607648366504e+16 1
1.834976677717035e+16 0
1.819929256246519e+16 1
1.8046342484693612e+16 0
1.78910694696047e+16 1
1.7733621987914824e+16 1
1.7574144153208006e+16 0
1.7412775818095786e+16 1
1.7249652668653626e+16 1
1.7084906317152832e+16 0
1.6918664393108904e+16 0
1.6751050632664462e+16 1
1.658218496632728e+16 0
1.64121836050834e+16 1
1.6241159124906798e+16 0
1.606922054968435e+16 1
1.589647343258124e+16 1
1.5723019935865728e+16 0
1.5548958909219142e+16 1
1.5374385966552264e+16 0
1.5199393561351968e+16 1
1.5024071060583002e+16 0
1.4848504817166276e+16 1
1.4672778241062082e+16 1
1.44969718689776e+16 0
1.4321163432728248e+16 1
1.4145427926274244e+16 1
1.3969837671457322e+16 1
1.3794462382461168e+16 0
1.3619369229018438e+16 0
1.3444622898386684e+16 1
1.3270285656115532e+16 1
1.3096417405626418e+16 0
1.2923075746625924e+16 1
1.2750316032373106e+16 1
1.2578191425818618e+16 0
1.24067529546383e+16 1
1.2236049565175734e+16 1
1.2066128175313242e+16 1
1.1897033726289806e+16 0
1.1728809233480404e+16 1
1.1561495836155836e+16 0
1.1395132846238028e+16 1
1.122975779606922e+16 0
1.1065406485209284e+16 1
1.0902113026282638e+16 0
1.0739909889882776e+16 1
1.0578827948561728e+16 1
1.0418896519911074e+16 0
1.0260143408756414e+16 1
1.010259494847833e+16 0
9946276041473852.0 0
9791210198776866.0 1
9637419578846650.0 0
9484925025543340.0 0
9333746105302068.0 1
9183901143519536.0 0
9035407260167146.0 1
8888280404644251.0 0
8742535389884075.0 1
8598185925727317.0 0
8455244651575390.0 1
8313723168337640.0 1
8173632069684709.0 0
8034980972621077.0 1
7897778547388676.0 0
7762032546713208.0 1
7627749834405665.0 0
7494936413329635.0 1
7363597452746448.0 0
7233737315048813.0 1
7105359581894402.0 0
6978467079749742.0 0
6853061904856325.0 1
6729145447628137.0 1
6606718416492606.0 1
6485780861184362.0 0
6366332195502315.0 0
6248371219540076.0 1
6131896141399693.0 0
6016904598398590.0 1
5903393677779560.0 0
5791359936933080.0 0
5680799423142404.0 1
5571707692859836.0 0
5464079830524236.0 1
5357910466928746.0 1
5253193797147439.0 0
5149923598030446.0 1
5048093245275503.0 0
4947695730084470.0 0
4848723675413116.0 1
4751169351821605.0 0
4655024692933563.0 1
4560281310511217.0 0
4466930509153392.0 0
4374963300624511.0 1
4284370417820751.5 0
4195142328380633.5 1
4107269247946864.0 1
4020741153085210.5 0
3935547793867232.5 1
3851678706122805.5 0
3769123223368439.5 1
3687870488417819.5 1
3607909464679687.5 0
3529228947149265.5 1
3451817573098546.5 0
3375663832470221.5 0
3300756077981301.0 1
3227082534940311.5 0
3154631310783385.5 1
3083390404334344.5 1
3013347714792377.5 0
2944491050453117.0 1
2876808137166914.0 1
2810286626538957.5 0
2744914103876350.5 1
2680678095886504.0 0
2617566078131396.0 1
2555565482243094.5 0
2494663702904379.5 0
2434848104600431.5 1
2376106028145480.0 0
2318424796989904.5 0
2261791723312784.5 1
2206194113904446.5 0
2151619275844226.0 1
2098054521978472.8 0
2045487176202857.5 1
1993904578554993.8 0
1943294090120522.2 0
1893643097758791.8 0
1844939018651207.5 1
1797169304677692.0 0
1750321446625022.0 1
1704382978231767.2 1
1659341480073016.2 0
1615184583290179.0 1
1571899973168785.2 0
1529475392568207.0 1
1487898645207680.0 0
1447157598811003.8 0
1407240188114627.8 1
1368134417741455.2 0
1329828364944065.0 1
1292310182221166.2 0
1255568099808749.8 1
1219590428051529.8 1
1184365559655250.2 0
1149881971824828.5 1
1116128228290411.4 1
1083092981223993.0 0
1050764973050780.2 1
1019133038157185.4 0
988186104498487.4 0
957913195109972.2 1
928303429523248.8 0
899346025091371.9 1
871030298225686.0 0
843345665546166.1 0
816281644949517.0 1
789827856596016.6 0
763974023818744.2 1
738709973957476.1 1
714025639118983.4 0
689911056867150.1 1
666356370844319.5 0
643351831326139.2 1
620887795712646.1 1
598954728956690.2 0
577543203932386.8 1
556643901745208.3 1
536247611985406.75 0
516345232927032.8 1
496927771673823.75 0
477986344253674.0 1
459512175664028.1 1
441496599868562.3 0
423931059747976.8 1
406807107005564.3 0
390116402029165.56 0
373850713711438.0 1
358001919229097.75 0
342562003782998.25 1
327523060300527.1 1
312877289100860.25 0
298616997525599.06 1
284734599534997.25 0
271222615271479.62 0
258073670592040.53 1
245280496570043.1 0
232835928968113.44 1
220732907683395.12 1
208964476165615.9 0
197523780810051.44 1
186404070325810.8 0
175598695080498.88 1
165101106422863.6 1
154904855983693.53 0
145003594956670.9 1
135391073359593.52 0
126061139277101.34 0
117007738086150.12 1
108224911664512.81 1
99706797583696.1 0
91447628287128.61 0
83441730254078.08 1
75683523150333.58 0
68167518966678.45 1
60888321145736.68 0
53840623697648.945 1
47019210305877.195 0
40418953423432.26 1
34034813360557.57 0
27861837364096.137 1
21895158689784.855 0
16129995667574.143 0
10561650761291.424 1
5185509622325.2 0
-2959861292.4958324 0
-5008208519646.832 1
-9834606860032.074 0
-14486446028648.014 1
-18967938774766.527 1
-23283220417370.945 0
-27436349812624.773 1
-31431310322407.035 0
-35272010783666.13 0
-38962286477106.61 1
-42505900095628.81 0
-45906542711753.27 1
-49167834743027.86 1
-52293326916481.52 0
-55286501229746.664 1
-58150771909626.75 0
-60889486368048.22 1
-63505926153443.05 0
-66003307899362.5 0
-68384784267438.64 1
-70653444886995.0 0
-72812317288821.17 1
-74864367833893.77 0
-76812502636602.08 1
-78659568481831.9 1
-80408353736278.42 0
-82061589252909.11 1
-83621949268470.0 1
-85092052295448.72 0
-86474462005012.2 1
-87771688103644.84 0
-88986187202723.7 0
-90120363678387.11 1
-91176570525537.25 0
-92157110203074.23 0
-93064235469464.17 1
-93900150211949.98 1
-94667010266152.45 0
-95366924226688.58 1
-96001954248952.19 0
-96574116843138.28 1
-97085383657387.67 0
-97537682253575.92 1
-97932896871963.27 0
-98272869188726.17 1
-98559399062279.89 0
-98794245271575.02 1
-98979126243777.89 0
-99115720773790.25 1
-99205668733161.4 0
-99250571770685.8 1
-99251994002390.92 1
-99211462693365.83 0
-99130468929306.42 1
-99010468278853.47 0
-98852881447756.14 0
-98659094921878.67 1
-98430461602784.55 0
-98168301433733.75 1
-97873902015766.12 0
-97548519216683.72 1
-97193377769071.56 0
-96809671861691.19 1
-96398565719987.6 0
-95961194180230.47 0
-95498663252902.2 1
-95012050679830.53 0
-94502406481717.16 1
-93970753496838.78 0
-93418087914209.86 1
-92845379794731.11 1
-92253573589100.53 0
-91643588643475.14 1
-91016319699845.42 0
-90372637388815.16 1
-89713388713263.08 0
-89039397527105.0 0
-88351465002475.88 1
-87650370094158.48 0
-86936869994874.19 1
-86211700580892.53 0
-85475576856587.44 1
-84729193385089.2 0
-83973224717690.5 1
-83208325812525.39 1
-82435132449350.5 1
-81654261635585.03 0
-80866312006196.52 1
-80071864217748.2 0
-79271481335927.88 1
-78465709214991.56 0
-77655076874009.81 1
-76840096862491.03 1
-76021265624721.16 0
-75199063853933.42 1
-74373956842320.23 0
-73546394825091.22 1
-72716813317663.98 1
-71885633447935.78 0
-71053262282185.73 0
-70220093145434.89 1
-69386505936195.125 0
-68552867435767.35 1
-67719531611371.734 0
-66886839915160.66 0
-66055121576479.04 1
-65224693889856.28 0
-64395862497438.64 0
-63568921666318.266 1
-62744154560990.45 0
-61921833510864.664 1
-61102220272409.945 0
-60285566287741.24 0
-59472112936856.945 1
-58662091786559.03 0
-57855724834749.79 1
-57053224748290.0 1
-56254795099896.53 1
-55460630597424.71 0
-54670917310642.414 1
-53885832893131.375 0
-53105546800419.59 1
-52330220503388.82 0
-51560007698477.24 1
-50795054512880.99 0
-50035499706960.21 1
-49281474871721.25 1
-48533104623210.836 0
-47790506792805.305 1
-47053792613900.06 1
-46323066905000.51 0
-45598428249061.24 1
-44879969169286.19 0
-44167776301924.62 1
-43461930564549.805 1
-42762507322231.59 0
-42069576549389.14 1
-41383202988708.56 0
-40703446306910.31 1
-40030361247028.94 1
-39363997778052.055 0
-38704401240842.19 1
-38051612491040.68 0
-37405668040018.56 0
-36766600191325.34 1
-36134437175306.89 0
-35509203280595.836 1
-34890918982263.867 0
-34279601068591.008 0
-33675262762670.47 0
-33077913844129.29 1
-32487560766184.855 0
-31904206770846.766 1
-31327852001356.062 0
-30758493612258.66 1
-30196125876598.688 1
-29640740291295.848 0
-29092325679248.547 1
-28550868289493.37 0
-28016351895360.504 0
-27488757889437.88 1
-26968065376932.977 0
-26454251266569.508 1
-25947290358755.688 1
-25447155432755.824 0
-24953817330254.453 0
-24467245037551.457 1
-23987405765859.977 0
-23514265029233.645 1
-23047786719659.875 0
-22587933182014.08 0
-22134665285202.97 1
-21687942492356.684 0
-21247722928948.074 0
-20813963448707.832 1
-20386619698222.434 0
-19965646179452.8 1
-19550996310372.785 0
-19142622484329.098 1
-18740476126990.652 0
-18344507752556.496 1
-17954667017484.145 0
-17570902773251.203 1
-17193163117101.69 0
-16821395441698.338 0
-16455546482854.975 1
-16095562366114.027 1
-15741388651866.152 1
-15392970378768.754 0
-15050252106149.78 1
-14713177954865.896 0
-14381691647048.098 1
-14055736544108.412 0
-13735255684278.162 1
-13420191817900.852 1
-13110487442582.38 0
-12806084836373.838 1
-12506926090108.713 0
-12212953138882.986 1
-11924107791895.238 0
-11640331761734.594 0
-11361566692330.006 1
-11087754186042.826 0
-10818835829820.955 0
-10554753220073.178 1
-10295447987080.64 0
-10040861818207.135 1
-9790936480162.541 0
-9545613840777.428 0
-9304835889394.31 1
-9068544756970.781 0
-8836682735090.533 1
-8609192294139.879 0
-8386016101085.981 0
-8167097036043.5 1
-7952378208522.941 0
-7741802972943.72 1
-7535314943088.583 1
-7332858006469.755 0
-7134376337660.901 1
-6939814411066.7705 0
-6749117013425.088 0
-6562229255156.88 1
-6379096581677.908 0
-6199664783994.4 1
-6023880008507.785 1
-5851688766877.636 0
-5683037944763.592 1
-5517874810501.621 0
-5356147023315.577 1
-5197802640720.624 0
-5042790125944.674 0
-4891058354593.608 1
-4742556621083.737 1
-4597234644633.625 0
-4455042574840.176 1
-4315930996878.537 0
-4179850936574.0093 0
-4046753864623.7676 1
-3916591701068.8623 0
-3789316819066.676 1
-3664882048395.6553 0
-3543240678851.7827 1
-3424346463098.9204 1
-3308153619453.869 0
-3194616834251.6357 1
-3083691263992.057 0
-2975332537377.6016 1
-2869496756676.867 1
-2766140499516.0137 0
-2665220819807.1064 1
-2566695248768.1147 1
-2470521795843.0547 0
-2376658948990.4595 1
-2285065675111.1313 1
-2195701420501.9404 0
-2108526110417.2524 1
-2023500148975.3743 0
-1940584419012.2217 1
-1859740281156.2183 0
-1780929573476.2632 1
-1704114610299.425 1
-1629258181481.8123 0
-1556323551078.8672 0
-1485274455837.1465 1
-1416075104211.52 0
-1348690174643.5686 0
-1283084813532.8118 0
-1219224633754.2686 0
-1157075712673.7034 1
-1096604590005.7781 0
-1037778265878.2339 0
-980564198071.1348 1
-924930300220.1229 0
-870844939119.5662 1
-818276931950.4078 0
-767195544156.4711 1
-717570486089.9132 0
-669371910767.4583 0
-622570410474.956 1
-577137014231.747 1
-533043184547.2316 0
-490260814304.94855 1
-448762223550.37366 0
-408520156482.56335 0
-369507777830.6841 1
-331698669752.393 0
-295066828580.9588 1
-259586660627.94025 1
-225232979664.17123 1
-191981002793.73328 0
-159806346897.52908 1
-128685025089.00244 0
-98593443221.48297 1
-69508395752.57103 1
-41407062519.92083 0
-14267004645.722944 0
11933839251.867123 1
37217156778.162155 0
61604265260.0986 1
85116116672.02583 1
107773300160.0903 1
129596046885.22273 0
150604233610.78128 0
170817386697.94562 1
190254685981.9986 0
208934968617.67496 1
226876733551.79846 1
244098144705.47055 0
260617035602.10986 0
276450913056.6757 1
291616961202.4396 1
306132045359.6985 0
320012716173.8567 1
333275213639.33704 1
345935470688.8197 0
358009117496.3436 1
369511485628.8477 0
380457611267.76636 0
390862239872.33167 1
400739829724.2686 0
410104555840.6128 0
418970314103.41785 0
427350724888.159 1
435259137037.6755 0
442708631611.5273 0
449712025997.6823 1
456281877378.48914 0
462430486548.93384 0
468169902037.21423 1
473511923440.70026 1
478468105241.38025 0
483049760697.9329 1
487267965373.6051 0
491133560615.116 1
494657157594.84534 0
497849140182.59424 1
500719669642.2438 1
503278686869.6622 1
505535916770.24884 0
507500871485.5337 0
509182853801.2833 0
510590960536.5966 1
511734086033.49335 1
512620925298.53906 0
513259977545.0873 1
513659549612.7616 0
513827758399.8467 0
513772535241.3022 1
513501628397.1564 0
513022605878.0731 1
512342859720.9221 0
511469607803.2156 0
510409897724.30975 1
509170609409.3043 0
507758458150.6028 1
506179997911.1171 0
504441623487.12317 0
502549574197.79626 0
500509936194.47797 1
498328645476.7403 1
496011490503.3361 0
493564115171.1384 1
490992021438.1835 1
488300571700.94666 0
485494991894.9889 1
482580373863.1157 0
479561677829.19104 0
476443735140.75323 1
473231250652.59216 0
469928805183.45496 1
466540858071.0452 1
463071749421.48193 0
459525702612.3911 1
455906826591.8092 0
452219118098.07806 1
448466464148.9092 1
444652644030.79175 0
440781331660.91125 1
436856097847.7365 0
432880412179.4231 0
428857645455.17267 1
424791071536.67816 0
420683869472.7749 1
416539125676.4112 1
412359835633.0493 0
408148906131.6104 1
403909157122.0802 0
399643323495.893 1
395354057174.21277 1
391043928758.23193 0
386715429458.6179 1
382370972911.2442 0
378012896783.3559 0
373643464671.32697 1
369264867726.1746 0
364879226216.00116 1
360488591458.541 0
356094947054.99316 0
351700210787.31537 1
347306236044.15826 0
342914813262.61633 1
338527671644.9741 1
334146480409.6296 0
329772850337.3756 1
325408335271.2203 0
321054433267.9389 0
316712588221.568 1
312384191028.0634 0
308070580921.35626 1
303773046886.044 1
299492828666.9659 0
295231118165.92114 1
290989060774.79333 0
286767756177.34607 1
282568259869.95874 1
278391584065.57166 0
274238698915.11786 0
270110533545.73016 1
266007977143.02716 0
261931879838.79755 1
257883054054.4178 0
253862275044.35495 1
249870282345.1216 1
245907780163.0598 0
241975438817.3442 1
238073895393.60345 0
234203754504.56567 1
230365589562.13983 0
226559942891.34656 0
222787327479.5109 1
219048227002.12817 0
215343096942.81076 1
211672365355.72217 1
208036433470.90424 0
204435676491.9024 1
200870444498.09445 0
197341062675.12866 0
193847832457.87878 1
190391031966.32077 0
186970916534.7294 0
183587719668.5847 1
180241653362.568 0
176932908762.01358 1
173661656930.1708 1
170428049104.62073 0
167232217492.18176 1
164074275816.63376 0
160954319656.58432 1
157872427145.7948 1
154828659370.27875 0
151823060906.4799 1
148855660375.83392 0
145926470693.0143 1
143035489844.15958 1
140182701009.3747 0
137368073206.79424 1
134591561751.49333 0
131853108413.52998 1
129152642173.40057 1
126490079345.18661 0
123865324098.66666 1
121278268830.66347 0
118728794468.89226 0
116216770959.56924 1
113742057529.03227 0
111304502969.61824 1
108903946217.03386 1
106540216416.44592 0
104213133375.50562 1
101922508001.51202 0
99668142312.91122 0
97449830043.3181 1
95267356795.23817 0
93120500317.65552 1
91009030903.64355 1
88932711563.14696 0
86891298351.07338 1
84884540696.82625 0
82912181476.40192 0
80973957519.16682 1
79069599712.42403 0
77198833243.87303 1
75361377981.06169 0
73556948512.92403 0
71785254582.49261 1
70046001203.86836 0
68338888817.52696 1
66663613837.039406 0
65019868357.284546 0
63407340862.231964 1
61825716144.373955 0
60274675506.8854 1
58753897210.58936 1
57263056323.80513 0
55801825188.15368 0
54369873490.39406 1
52966868503.362366 0
51592475074.08312 1
50246356132.12136 0
48928172524.24129 1
47637583598.43508 1
46374246834.383644 0
45137818282.409 0
43927952977.97709 1
42744304731.80925 1
41586526203.65882 0
40454269406.80733 0
39347185763.33215 1
38264926075.19641 1
37207140629.21036 0
36173479629.91173 0
35163593153.41013 0
34177131260.239296 1
33213744122.259563 1
32273082163.65188 0
31354796163.04253 0
30458537553.795666 0
29583958247.5079 1
28730710918.736862 0
27898449046.992954 0
27086827123.02148 1
26295500703.400173 0
25524126350.475365 0
24772362063.658634 1
24039867089.104595 0
23326302084.790096 0
22631329345.01433 1
21954612761.338642 0
21295817850.984974 1
20654612029.71227 0
20030664438.19046 1
19423646412.892654 0
18833231092.52736 1
18259093885.034138 0
17700912171.16777 0
17158365840.697657 1
16631136957.250551 0
16118909700.825504 1
15621371363.010279 0
15138210979.929193 1
14669120720.95312 1
14213795011.203054 0
13771930981.879389 1
13343228755.449509 0
12927390844.726585 1
12524122963.872484 0
12133133264.357985 1
11754133135.913937 0
11386836713.507257 1
11030961274.376099 0
10686226821.15897 1
10352356826.15296 0
10029077498.736658 1
9716118394.993727 0
9413212051.573496 1
9120094319.825312 1
8836504091.243635 1
8562183596.261131 0
8296878287.427216 1
8040337026.009807 0
7792311590.058143 1
7552557625.964609 0
7320833515.56369 1
7096901454.806235 0
6880526662.047428 1
6671477971.987079 1
6469527457.301043 0
6274450530.002768 1
6086026335.574185 0
5904037003.905325 0
5728268322.0822525 1
5558509544.063142 1
5394553042.282306 0
5236194912.222048 1
5083234721.992173 1
4935475212.956829 1
4792722741.448201 0
4654787027.606426 1
4521481428.384792 0
4392622211.759047 0
4268029692.179359 1
4147527274.303203 1
4030941837.047001 0
3918103672.993911 1
3808846610.1946588 1
3703007646.397774 0
3600427366.74499 1
3500949790.9669294 0
3404422065.1134825 1
3310694996.852521 0
3219622526.3698955 1
3131062265.902888 0
3044874786.938505 0
2960924296.1071653 1
2879078306.801463 0
2799207427.54881 0
2721185897.1658278 1
2644891105.721444 0
2570203667.334632 0
2497007617.831635 1
2425190209.2863183 0
2354641925.4660435 1
2285256610.204167 0
2216931169.7189074 0
2149565950.8968954 1
2083064388.5582364 0
2017333085.7184815 1
1952282014.861408 1
1887824198.235011 0
1823875861.181597 1
1760356459.5112805 0
1697188492.9266117 1
1634297758.5043428 0
1571613006.2386272 0
1509066277.6482463 1
1446592666.448714 0
1384130292.2883425 1
1321620536.5455055 0
1259007703.1824424 0
1196239270.6490004 1
1133265760.827753 0
1070040702.0099304 0
1006520728.8895342 1
942665494.5609517 0
878437625.5032673 1
813802860.5322924 1
748729856.6990533 0
683190287.1111393 1
617158864.651032 0
550613167.5631504 0
483533859.8788824 1
415904470.64633656 0
347711462.9289975 1
278944339.534884 0
209595346.43526125 0
139659800.82936 1
69135835.80882168 0
-1975578.4271116257 1
-73670450.8573308 0
-145942127.47987747 0
-218780982.76535606 1
-292174590.78257084 0
-366107791.05896235 1
-440562500.24112225 1
-515517989.623404 0
-590950712.6154866 1
-666834338.2226634 1
-743139939.6155777 0
-819835824.869132 1
-896887549.9533429 0
-974258240.0619946 1
-1051908178.3680086 1
-1129795177.2974567 0
-1207874450.4172873 1
-1286098654.0350294 0
-1364418010.6119852 0
-1442780200.0947428 1
-1521130503.273178 0
-1599411874.276494 1
-1677564720.3221884 1
-1755527361.8362656 0
-1833235767.0663586 1
-1910623640.3127952 0
-1987622610.906057 1
-2064162089.062366 1
-2140169550.7524242 1
-2215570456.7216125 0
-2290288265.8033266 0
-2364244582.670577 1
-2437359240.1745176 0
-2509550427.4221 1
-2580734551.7485895 0
-2650826680.7443733 1
-2719740109.4994497 0
-2787387048.233059 0
-2853678130.480097 1
-2918523012.010127 0
-2981830255.659006 0
-3043507361.257269 1
-3103460998.8436346 1
-3161597177.356241 0
-3217821210.998582 1
-3272037916.4813757 1
-3324151873.3458853 0
-3374067400.578781 1
-3421688746.7332373 0
-3466920356.7756624 1
-3509666886.882183 1
-3549833483.4138775 0
-3587325900.3046274 1
-3622050685.100381 1
-3653915489.8937645 0
-3682829096.4032917 1
-3708701659.4518995 0
-3731445221.105049 0
-3750973399.7344437 1
-3767202101.279235 0
-3780049634.9825687 1
-3789436729.887308 1
-3795287229.3811007 0
-3797528012.0873013 1
-3796089391.404604 0
-3790905553.0046463 1
-3781914615.603654 1
-3769059190.330929 0
-3752286540.023839 1
-3731548988.7858353 0
-3706804368.150831 0
-3678016221.204405 1
-3645154315.019452 0
-3608195017.771249 1
-3567121609.9041386 0
-3521924930.7294054 0
-3472603571.8410883 1
-3419164460.7436304 0
-3361623417.0925694 0
-3300005418.9570255 1
-3234345316.520458 0
-3164688273.643695 1
-3091090245.721691 0
-3013618700.273222 1
-2932352986.7106466 1
-2847385113.744832 0
-2758820272.888401 1
-2666777407.5286636 0
-2571390090.0499496 0
-2472806912.4935665 1
-2371192361.2523613 0
-2266727534.30567 1
-2159610771.509244 1
-2050058516.4633713 0
-1938306055.491004 1
-1824608307.2665672 0
-1709240719.6450567 0
-1592500043.2500067 1
-1474705289.3880777 0
-1356198627.8673506 1
-1237346193.306201 0
-1118539310.5294867 0
-1000195171.6587124 0
-882758090.5129623 0
