-8762063951590148.0 0
-9319048033626458.0 1
-9852214690442874.0 0
-1.0362172667792282e+16 1
-1.0849519354572172e+16 1
-1.1314840925379244e+16 0
-1.1758712482744782e+16 1
-1.2181698199007532e+16 0
-1.2584351457781264e+16 1
-1.2967214994975476e+16 1
-1.3330821039331154e+16 0
-1.367569145243178e+16 1
-1.4002337868153876e+16 0
-1.4311261831521472e+16 1
-1.4602954936929446e+16 1
-1.4877898965704464e+16 0
-1.5136566022971024e+16 1
-1.5379418673792996e+16 1
-1.5606910078562954e+16 0
-1.5819484127610772e+16 1
-1.601757557500699e+16 0
-1.6201610171535474e+16 0
-1.6372004796811234e+16 1
-1.652916759052213e+16 0
-1.6673498082771396e+16 1
-1.6805387323500296e+16 0
-1.692521801097148e+16 0
-1.703336461929235e+16 1
-1.713019352496183e+16 0
-1.721606313242178e+16 1
-1.7291323998596256e+16 1
-1.7356318956403852e+16 0
-1.7411383237225968e+16 1
-1.7456844592317892e+16 0
-1.7493023413149598e+16 1
-1.7520232850663296e+16 1
-1.7538778933438568e+16 0
-1.7548960684753452e+16 1
-1.7551070238533462e+16 0
-1.7545392954180586e+16 1
-1.7532207530272392e+16 1
-1.7511786117127428e+16 0
-1.7484394428227486e+16 1
-1.7450291850493172e+16 1
-1.7409731553408388e+16 0
-1.736296059698831e+16 1
-1.7310220038589756e+16 0
-1.7251745038561304e+16 1
-1.7187764964730582e+16 0
-1.7118503495730056e+16 0
-1.704417872315867e+16 1
-1.6965003252580906e+16 0
-1.6881184303363718e+16 1
-1.6792923807350328e+16 1
-1.6700418506376646e+16 0
-1.6603860048627416e+16 1
-1.6503435083836228e+16 1
-1.6399325357332288e+16 0
-1.629170780293362e+16 1
-1.6180754634690814e+16 0
-1.6066633437483384e+16 1
-1.5949507256469666e+16 0
-1.5829534685393984e+16 0
-1.5706869953750922e+16 1
-1.5581663012811574e+16 0
-1.5454059620512244e+16 0
-1.5324201425207524e+16 1
-1.5192226048292968e+16 1
-1.5058267165697764e+16 0
-1.4922454588249924e+16 0
-1.4784914340916926e+16 1
-1.4645768740925656e+16 0
-1.4505136474762356e+16 0
-1.4363132674056964e+16 1
-1.4219868990357552e+16 0
-1.4075453668797338e+16 1
-1.3929991620661426e+16 1
-1.3783584494859448e+16 0
-1.3636330748309944e+16 1
-1.3488325715243754e+16 0
-1.333966167543477e+16 0
-1.3190427921362424e+16 0
-1.3040710824316956e+16 1
-1.2890593899452898e+16 0
-1.2740157869799418e+16 1
-1.2589480729234808e+16 0
-1.2438637804434568e+16 0
-1.2287701815799008e+16 0
-1.2136742937372172e+16 1
-1.1985828855757498e+16 1
-1.1835024828041926e+16 1
-1.1684393738736836e+16 0
-1.1533996155747036e+16 1
-1.1383890385377766e+16 0
-1.123413252639199e+16 1
-1.1084776523127578e+16 1
-1.0935874217688596e+16 0
-1.0787475401218834e+16 1
-1.0639627864272018e+16 0
-1.0492377446289206e+16 1
-1.0345768084192708e+16 1
-1.0199841860111256e+16 0
-1.0054639048244476e+16 1
-9910198160879000.0 0
-9766555993567980.0 1
-9623747669482580.0 1
-9481806682949318.0 0
-9340764942181082.0 1
-9200652811214448.0 1
-9061499151063244.0 0
-8923331360096861.0 1
-8786175413655037.0 0
-8650055902908061.0 1
-8514996072970617.0 0
-8381017860281311.0 0
-8248141929253541.0 1
-8116387708210782.0 1
-7985773424613769.0 0
-7856316139588867.0 0
-7728031781769080.0 1
-7600935180457064.0 0
-7475040098119968.0 0
-7350359262226061.0 1
-7226904396435142.0 1
-7104686251150718.0 1
-6983714633444476.0 0
-6863998436363035.0 1
-6745545667625526.0 1
-6628363477722736.0 0
-6512458187424192.0 0
-6397835314703490.0 1
-6284499601090991.0 0
-6172455037460205.0 0
-6061704889257056.0 1
-5952251721181219.0 1
-5844097421325876.0 1
-5737243224783938.0 0
-5631689736729658.0 0
-5527436954981985.0 1
-5424484292057784.0 1
-5322830596721181.0 0
-5222474175035721.0 1
-5123412810925710.0 0
-5025643786253704.0 0
-4929163900418468.0 1
-4833969489481224.0 0
-4740056444825391.0 0
-4647420231355365.0 1
-4556055905242162.0 0
-4465958131220640.5 1
-4377121199444871.0 0
-4289539041909116.0 1
-4203205248438676.5 1
-4118113082259127.5 0
-4034255495148968.5 1
-3951625142182706.0 0
-3870214396071698.5 0
-3790015361107507.0 1
-3711019886716688.0 0
-3633219580631987.5 1
-3556605821686719.5 1
-3481169772240363.0 0
-3406902390240000.0 1
-3333794440925843.0 0
-3261836508187300.5 0
-3191019005575076.5 1
-3121332186978019.0 0
-3052766156969975.5 1
-2985310880833715.5 0
-2918956194269694.0 1
-2853691812795203.0 0
-2789507340841928.0 1
-2726392280558098.0 0
-2664336040322400.5 1
-2603327942976345.0 0
-2543357233781944.0 1
-2484413088111067.0 0
-2426484618873784.5 1
-2369560883691253.5 1
-2313630891821017.5 0
-2258683610840079.5 1
-2204707973092281.8 0
-2151692881907173.5 0
-2099627217594754.2 1
-2048499843224020.2 0
-1998299610189886.8 1
-1949015363574582.5 1
-1900635947310226.8 0
-1853150209146667.5 1
-1806547005431269.0 0
-1760815205706443.5 0
-1715943697127401.8 1
-1671921388709865.5 0
-1628737215407990.2 1
-1586380142029571.2 1
-1544839166993743.2 0
-1504103325933791.5 1
-1464161695150836.8 0
-1425003394923434.0 1
-1386617592673617.5 1
-1348993505999312.8 0
-1312120405570706.5 1
-1275987617898520.2 0
-1240584527976878.8 0
-1205900581802576.8 1
-1171925288776563.2 0
-1138648223989436.8 0
-1106059030393989.2 1
-1074147420869087.4 0
-1042903180176883.1 1
-1012316166816699.0 0
-982376314779683.0 1
-953073635204248.2 0
-924398217940062.0 0
-896340233017985.2 1
-868889932033205.0 0
-842037649441919.4 0
-815773803774822.5 1
-790088898770878.5 0
-764973524433075.2 1
-740418358008117.6 0
-716414164895514.4 0
-692951799483909.4 1
-670022205921031.9 0
-647616418817551.2 1
-625725563886497.5 0
-604340858522549.9 0
-583453612320185.1 1
-563055227535668.9 0
-543137199493127.5 0
-523691116935966.9 1
-504708662327647.0 0
-486181612101531.3 1
-468101836862139.9 0
-450461301540700.5 0
-433252065503973.3 1
-416466282620905.75 1
-400096201286652.0 0
-384134164406055.25 1
-368572609338145.1 0
-353404067803256.75 1
-338621165753438.3 0
-324216623208592.7 0
-310183254058330.44 1
-296513965832176.0 0
-283201759438740.1 1
-270239728874186.88 1
-257621060903772.44 0
-245339034714350.47 1
-233387021541332.8 0
-221758484270545.9 1
-210446977015239.1 1
-199446144670869.8 0
-188749722447131.34 1
-178351535378738.28 0
-168245497816986.34 0
-158425612900527.75 1
-148885972008899.28 0
-139620754198207.11 1
-130624225619438.73 1
-121890738921781.73 0
-113414732639972.03 1
-105190730567567.17 0
-97213341116769.36 1
-89477256664535.73 1
-81977252887348.66 0
-74708188083540.27 1
-67665002485148.41 0
-60842717559486.07 0
-54236435300650.69 1
-47841337512248.25 1
-41652685081695.78 1
-35665817246109.1 0
-29876150851216.176 0
-24279179603264.707 1
-18870473314615.793 0
-13645677143620.432 1
-8600510828434.026 0
-3730767917325.37 0
967685006987.9564 0
5498909105824.71 1
9866894067043.18 0
14075558890463.168 1
18128752676354.34 1
22030255415611.047 0
25783778782300.188 1
29392966927561.164 0
32861397274597.434 1
36192581314633.2 0
39389965402902.2 1
42456931555669.02 0
45396798245561.22 0
48212821198203.484 1
50908194186242.05 0
53486049823345.14 1
55949460356862.08 1
58301438457764.77 0
60544938009942.96 1
62682854896591.125 0
64718027784083.74 1
66653238903859.125 0
68491214830640.04 1
70234627258311.46 0
71886093771682.94 1
73448178616206.78 0
74923393462251.83 1
76314198167378.16 1
77623001532901.83 0
78852162057926.7 1
80003988688316.05 0
81080741560847.7 1
82084632744119.27 0
83017826972911.69 1
83882442379555.45 1
84680551219054.2 0
85414180589643.77 1
86085313148115.61 0
86695887819575.39 0
87247800502264.23 0
87742904766333.36 1
88183012547333.48 0
88569894833786.83 0
88905282349302.44 0
89190866228233.64 0
89428298685744.6 1
89619193681709.2 0
89765127578182.66 1
89867639791462.92 0
89928233436337.72 0
89948375965772.6 1
89929499802645.02 0
89873002965664.3 0
89780249688924.11 1
89652571034293.72 0
89491265497475.9 0
89297599607322.52 1
89072808518280.42 0
88818096596036.23 1
88534637996483.12 0
88223577237343.72 1
87886029763823.69 0
87523082505480.08 0
87135794428339.84 1
86725197078093.28 0
86292295116933.66 1
85838066854213.78 1
85363464767561.31 0
84869416019256.28 0
84356822964329.22 1
83826563651374.0 0
83279492316334.03 0
82716439869626.19 0
82138214375007.72 1
81545601522020.55 0
80939365090975.81 0
80320247411063.16 1
79688969810965.48 0
79046233062569.02 1
78392717817865.77 0
77729085038305.64 0
77055976417881.73 1
76374014798759.73 0
75683804580215.23 0
74985932121198.47 1
74280966135419.39 0
73569458080207.16 1
72851942539180.6 0
72128937597079.62 0
71400945209893.28 1
70668451566874.47 0
69931927447249.414 1
69191828570614.02 1
68448595940435.71 0
67702656182286.77 1
66954421875497.53 1
66204291878940.03 0
65452651651073.516 1
64699873564166.516 0
63946317212527.305 1
63192329715520.72 0
62438246014643.33 0
61684389165482.54 1
60931070623966.0 0
60178590527462.09 1
59427237970841.76 1
58677291276875.66 0
57929018262236.75 1
57182676498024.91 0
56438513565392.47 1
55696767306860.29 1
54957666072022.945 0
54221428959337.71 1
53488266052862.42 0
52758378654302.97 1
52031959511102.72 0
51309193039293.6 0
50590255542798.97 1
49875315427787.88 0
49164533412934.18 0
48458062735699.805 1
47756049354212.96 0
47058632145001.305 0
46365943097185.055 1
45678107502005.28 0
44995244138804.13 1
44317465457658.01 0
43644877756751.04 0
42977581357908.05 1
42315670776701.24 0
41659234889979.72 1
41008357099730.29 1
40363115492781.54 0
39723582997834.25 0
39089827538821.41 1
38461912184654.836 0
37839895296091.13 1
37223830669392.164 0
36613767676366.95 1
36009751402221.78 0
35411822779048.06 1
34820018718283.336 1
34234372237899.77 0
33654912588700.742 1
33081665376891.773 0
32514652683607.85 1
31953893182707.39 1
31399402254741.523 0
30851192099063.543 1
30309271843364.742 0
29773647649495.688 0
29244322818661.453 1
28721297892394.07 0
28204570751751.707 1
27694136714775.9 0
27189988629930.508 0
26692116969005.918 1
26200509916360.715 0
25715153456356.74 0
25236031458888.367 1
24763125762096.355 0
24296416253236.562 1
23835880947562.38 0
23381496064499.035 0
22933236102618.543 1
22491073911800.965 0
22054980763705.324 0
21624926420640.676 1
21200879201870.395 0
20782806048384.19 1
20370672586141.332 1
19964443186545.453 0
19564081026601.133 1
19169548146169.367 0
18780805503760.883 1
18397813031271.703 1
18020529686362.07 0
17648913503829.55 1
17282921645422.795 1
16922510447497.242 0
16567635468178.88 0
16218251532582.883 0
15874312776601.719 1
15535772689570.264 0
15202584155343.133 1
14874699492686.148 1
14552070493667.557 0
14234648461445.156 1
13922384246747.688 0
13615228282710.992 1
13313130619711.928 1
13016040957918.344 1
12723908679626.57 0
12436682880369.818 1
12154312399043.83 0
11876745846648.084 1
11603931635365.83 1
11335818004951.125 0
11072353049891.98 1
10813484745002.686 0
10559160969685.46 0
10309329532646.645 1
10063938194738.422 0
9822934691494.803 1
9586266755151.596 1
9353882135169.256 0
9125728619040.771 0
8901754051778.234 0
8681906354784.273 1
8466133544307.041 0
8254383748821.773 0
8046605226736.432 1
7842746382208.348 0
7642755781015.481 1
7446582166353.506 1
7254174472864.67 0
7065481841147.119 0
6880453631560.212 1
6699039436661.197 0
6521189094017.518 1
6346852698641.688 0
6175980613783.283 1
6008523482510.187 0
5844432237969.072 0
5683658113727.812 1
5526152653209.282 1
5371867718964.887 0
5220755501407.902 1
5072768527382.557 0
4927859667357.512 1
4785982144288.298 0
4647089539171.18 0
4511135798944.897 1
4378075242350.733 0
4247862565529.3467 1
4120452849476.811 0
3995801562294.139 0
3873864567078.5195 1
3754598124831.394 0
3637958899017.3677 1
3523903960298.822 1
3412390789103.9565 0
3303377279753.8267 1
3196821743888.8486 0
3092682911874.18 1
2990919936997.2437 1
2891492396608.5703 0
2794360294727.9927 1
2699484063729.0933 0
2606824565554.7183 0
2516343093679.226 1
2428001373619.0312 0
2341761564077.867 1
2257586257666.007 1
2175438481120.4692 0
2095281695918.032 1
2017079798228.69 0
1940797118578.06 0
1866398422095.1238 1
1793848907651.5767 0
1723114207320.9163 0
1654160386009.2715 1
1586953940020.8489 0
1521461796182.752 1
1457651311126.8203 0
1395490269116.0037 1
1334946881507.6394 1
1275989784328.8892 0
1218588037203.4539 0
1162711121465.5593 0
1108328937959.0872 1
1055411805291.5817 0
1003930457559.7284 1
953856042418.7775 0
905160118117.256 1
857814652609.1967 1
811792018794.9929 0
767064994092.8738 1
723606757099.879 0
681390884119.0981 0
640391347947.8129 1
600582514015.066 1
561939137225.0709 0
524436359839.76556 1
488049708641.7146 1
452755090913.4469 0
418528792114.20844 1
385347472993.01105 1
353188165244.7592 1
322028269616.1382 1
291845552035.85297 0
262618140411.72003 1
234324521657.0229 0
206943537562.45465 0
180454382501.88672 1
154836599291.11758 0
130070076031.67465 0
106135042840.66328 1
83012068197.5831 0
60682055504.95917 0
39126239889.561356 1
18326184404.91214 0
-1736223369.2880397 1
-21078774583.257965 1
-39718943048.26234 0
-57673888383.33959 1
-74960459640.26517 0
-91595199038.44504 1
-107594344987.49178 1
-122973836242.29068 0
-137749314972.41635 1
-151936130324.81134 0
-165549342308.6875 0
-178603724744.65588 1
-191113769323.13153 0
-203093688911.09827 1
-214557420737.35617 0
-225518630579.40796 0
-235990715534.17004 1
-245986807993.722 0
-255519779051.33575 1
-264602241565.05212 1
-273246554234.09085 0
-281464824616.40125 1
-289268912659.6755 0
-296670434234.1596 1
-303680764303.60455 1
-310311040636.70526 0
-316572166958.3861 1
-322474816285.3002 0
-328029434566.9155 0
-333246243641.5717 1
-338135244816.8994 0
-342706222155.0057 1
-346968745496.83984 1
-350932174199.1686 0
-354605659920.6085 1
-357998149972.18585 0
-361118390860.91113 1
-363974930865.8798 1
-366576123782.43365 0
-368930131755.9459 1
-371044928316.8189 0
-372928301972.3034 1
-374587858577.77124 1
-376031024961.08124 0
-377265051717.6854 1
-378297016149.12933 1
-379133825556.6031 0
-379782219823.2012 1
-380248774529.552 0
-380539903961.48047 1
-380661863726.3734 0
-380620753901.931 1
-380422521610.99457 0
-380072964110.1497 0
-379577731280.8117 1
-378942328528.50006 1
-378172119615.01685 0
-377272329114.2407 1
-376248045134.2528 1
-375104222294.52344 0
-373845683861.9037 1
-372477124611.1731 0
-371003113408.90497 1
-369428095371.418 0
-367756395058.58923 1
-365992218258.30975 0
-364139654879.38043 1
-362202680954.6447 1
-360185161562.157 0
-358090852651.1859 0
-355923403598.8576 1
-353686359529.249 1
-351383163663.7545 0
-349017159224.56726 1
-346591591729.1419 0
-344109611747.5269 1
-341574275797.48096 1
-338988549847.3108 0
-336355310476.3884 1
-333677346989.3262 0
-330957363929.8133 0
-328197982541.1358 1
-325401742954.4119 0
-322571106147.59546 1
-319708455525.3105 0
-316816099242.5917 1
-313896271587.6152 1
-310951135088.51855 0
-307982782112.42053 1
-304993236446.75903 1
-301984455463.08307 0
-298958331407.4531 1
-295916693016.6197 0
-292861307471.1609 0
-289793881514.7728 1
-286716063374.9158 0
-283629444199.0334 1
-280535559295.5772 1
-277435890039.0741 0
-274331864906.47903 1
-271224861028.05582 0
-268116205713.0304 1
-265007177442.2619 1
-261899007617.17365 0
-258792881546.18384 1
-255689939705.8781 0
-252591279331.1738 1
-249497955095.73474 1
-246410980772.9062 0
-243331330132.45023 1
-240259938059.37625 0
-237197701976.17596 0
-234145482438.78455 1
-231104104522.6019 0
-228074358957.91556 0
-225057002747.07028 1
-222052760429.73367 0
-219062325079.61105 1
-216086358966.96588 0
-213125494849.30725 0
-210180336473.61182 1
-207251459792.4531 0
-204339413756.4088 0
-201444720652.1169 1
-198567877650.3523 0
-195709357245.49683 1
-192869607823.77466 0
-190049054887.6223 1
-187248101133.56287 1
-184467127857.95767 0
-181706495232.01077 1
-178966542912.39905 0
-176247591133.9009 0
-173549940719.39502 1
-170873874185.5998 0
-168219656345.9213 1
-165587534461.77173 1
-162977739263.7162 0
-160390485341.79913 1
-157825971317.39847 0
-155284381406.95306 0
-152765884485.91174 1
-150270635722.2497 0
-147798776917.8939 0
-145350436108.3922 1
-142925728963.1564 0
-140524758957.6079 1
-138147617572.55295 1
-135794384939.10776 0
-133465130239.48666 0
-131159911733.9582 1
-128878777684.27019 0
-126621766439.84007 1
-124388906631.00443 0
-122180218144.62013 1
-119995711259.30606 0
-117835388413.60754 1
-115699243360.36198 1
-113587262408.53888 0
-111499423816.82372 1
-109435698526.21309 0
-107396050835.88612 1
-105380437687.61403 0
-103388810125.9658 1
-101421112287.5629 1
-99477282739.62778 0
-97557254151.06253 0
-95660953446.28735 1
-93788302401.06197 0
-91939217753.50648 1
-90113611024.5305 1
-88311389361.87141 0
-86532455312.93665 1
-84776706875.63849 1
-83044038255.40431 0
-81334339545.53897 1
-79647497057.10995 1
-77983393607.5197 0
-76341908498.92317 0
-74722917685.64381 0
-73126294120.73642 1
-71551907735.84148 0
-69999625670.46953 0
-68469312264.84786 1
-66960829416.45502 0
-65474036745.36276 1
-64008791102.500046 0
-62564947771.94848 1
-61142359452.37519 0
-59740877376.704926 0
-58360350601.13027 1
-57000626641.55519 1
-55661551477.56358 0
-54342969511.00164 1
-53044723596.259415 0
-51766655634.33476 1
-50508605931.76035 0
-49270413972.47314 0
-48051918053.70435 1
-46852955551.965996 0
-45673363052.207146 0
-44512976221.2118 1
-43371630051.30844 0
-42249159125.46095 1
-41145396969.80904 0
-40060177047.72585 1
-38993332187.45963 0
-37944694899.42498 0
-36914097347.20949 1
-35901371465.36163 0
-34906349059.02567 1
-33928861622.48923 1
-32968740713.70794 0
-32025817852.87005 1
-31099924363.062134 1
-30190891887.095448 0
-29298552179.550705 1
-28422736670.09778 0
-27563277703.145325 0
-26720007239.873585 1
-25892757788.70194 0
-25081362180.241917 1
-24285653402.78513 0
-23505465024.374126 0
-22740630874.50254 1
-21990985215.489067 0
-21256362951.56813 1
-20536599222.73816 1
-19831529880.406418 0
-19140991324.867626 1
-18464820308.651737 0
-17802854525.774353 0
-17154932008.921234 1
-16520891536.596472 0
-15900572656.261625 1
-15293815328.49066 1
-14700460536.163176 0
-14120349785.716305 1
-13553325350.473639 0
-12999230358.067472 1
-12457908529.968746 1
-11929204552.137506 0
-11412963863.805439 1
-10909032569.400545 0
-10417257847.622576 0
-9937487520.67634 1
-9469570301.668394 0
-9013355862.17119 1
-8568694529.957372 0
-8135437766.90559 0
-7713437725.078156 1
-7302547457.970058 0
-6902621056.928169 1
-6513513305.738915 1
-6135080029.382223 0
-5767177948.949387 1
-5409664556.722482 0
-5062398479.413183 1
-4725239020.559068 1
-4398046534.075633 0
-4080682284.962373 1
-3773008275.1614776 0
-3474887641.568025 0
-3186184245.191001 1
-2906762871.4649525 0
-2636489275.71249 0
-2375229993.7582197 1
-2122852443.6951077 0
-1879225018.8046806 1
-1644216762.6328611 0
-1417697810.2236521 0
-1199538925.5133543 1
-989611778.8885236 0
-787788939.9114487 1
-593943529.2176044 1
-407949699.59029174 0
-229682417.2184899 1
-59016994.14481211 0
104170037.08862019 1
260001774.5876174 1
408600395.0368662 0
550087458.4035292 1
684583931.4015045 0
812209955.7031164 1
933085303.8837445 0
1047328959.0835736 0
1155059393.3692553 1
1256394584.776828 0
1351451678.0157697 0
1440347699.8124876 1
1523199099.8699603 0
1600121624.4185987 0
1671230911.331723 1
1736642002.7773228 0
1796469495.3759599 1
1850827925.832799 1
1899831220.0098953 0
1943593120.4029887 1
1982227192.9851344 0
2015846541.3775144 1
2044564377.3058228 1
2068493439.298636 0
2087746450.5821729 1
2102436081.1238117 0
2112674740.774629 1
2118574983.4591255 1
2120249183.3581653 0
2117809745.0289931 1
2111369266.4039817 0
2101040146.6074982 0
2086935067.5278974 1
2069166812.0792952 0
2047848190.085414 1
2023092427.715423 1
1995012674.39928 0
1963722509.147705 1
1929335779.1994252 0
1891966458.9158525 0
1851729020.8408818 1
1808738171.841094 0
1763108919.2392464 1
1714956908.8514137 0
1664397856.8356571 1
1611548137.257609 1
1556524441.2758665 0
1499443954.8475246 1
1440424469.8514743 1
1379584018.5243258 0
1317041244.1009212 1
1252915405.5485888 0
1187326101.281538 1
1120393621.739019 0
1052238498.7079277 0
982982179.2674017 1
912746364.2297287 0
841653280.9487066 0
769825830.3633766 1
697387276.1418791 0
624461362.7869534 1
551172487.5613966 0
477645237.08856153 0
404004829.4796386 1
330376880.83594847 0
256887180.97096157 1
183662142.19325638 0
110828265.98816872 0
38512415.43247414 0
-33158342.826918602 1
-104056758.20272732 0
-174055742.58124542 1
-243027592.69966602 0
-310845276.6694279 1
-377381356.83170986 0
-442508896.13467884 1
-506100971.22565556 1
-568031180.454917 0
-628173524.9915171 1
-686402418.2552862 1
-742593088.8730288 0
-796621524.3708439 1
-848364439.8186092 0
-897699731.6468601 0
-944506316.860486 1
-988664431.8777151 1
-1030055864.2271147 0
-1068564036.3396063 0
-1104073929.6768265 1
-1136472528.4416428 0
-1165649168.121047 1
-1191495248.1160536 0
-1213904900.7176685 1
-1232774810.692504 0
-1248004901.7461834 1
-1259498015.137454 0
-1267160773.7207794 1
-1270903029.70022 1
-1270639081.3825874 0
-1266287295.2228336 1
-1257770355.4596844 1
-1245016190.6446505 0
-1227957640.3726625 1
-1206532897.5277157 0
-1180686288.3623161 1
-1150368026.7350416 1
-1115535010.8360767 0
-1076151038.736332 1
-1032187025.1016226 0
-983621888.4193983 1
-930442390.0915365 1
-872644087.7528324 0
-810231441.180975 1
-743218320.1701746 1
-671628756.747199 0
-595497161.115283 1
-514868878.71826744 0
-429800895.8242779 0
-340362203.0351858 1
-246634458.13516426 0
-148712829.69884396 1
-46705721.88677502 0
59263310.136880875 0
169055955.72211838 1
282517995.73653316 0
399478523.59686756 0
519749805.8631315 1
643125855.9218769 0
769381833.2772036 1
898273989.9598484 1
1029537713.5564566 0
1162887432.3525114 1
1298015749.0735426 0
1434592193.7002783 1
1572262764.824295 0
1710648540.0016289 1
1849345219.5525732 0
1987921590.2463884 0
2125919093.2998943 1
2262850334.109169 0
2398198159.123782 0
